R	8059845	8059853	10	942.8	551.1	939.4	559.2	0.40	50
R	8060447	8060493	48	951.2	554.1	869.1	556.3	3.45	202
R	8062521	8062529	10	953.7	563.4	962.5	568.7	0.45	55
R	8062881	8062911	32	964.9	566.1	873.6	549.3	3.92	239
R	8069091	8069101	12	955.8	575.7	971.7	576.4	0.68	68
R	8084377	8084385	10	946.1	575.3	957.0	571.4	0.50	62
R	8089449	8089463	16	953.3	556.3	934.7	564.3	0.88	77
R	8096513	8096521	10	939.5	570.2	941.6	561.3	0.43	51
R	8119833	8119841	10	959.0	579.2	959.0	586.6	0.36	46
R	8123255	8123415	162	937.4	564.7	937.9	569.1	0.22	1615
R	8123937	8123981	46	935.9	578.0	.	.	6.4e+06	1502
R	8127801	8127809	10	927.9	568.4	924.1	562.0	0.36	45
R	8140841	8140849	10	943.3	569.1	944.9	562.8	0.32	55
R	8155575	8155585	12	958.0	579.8	956.1	569.3	0.53	61
R	8171703	8171713	12	951.9	568.3	961.9	562.4	0.55	56
R	8186857	8186865	10	952.0	566.8	947.5	560.1	0.39	48
R	8198477	8198485	10	948.9	546.3	948.3	553.0	0.33	57
R	8216491	8216555	66	960.9	562.6	.	.	6.6e+06	1826
R	8227853	8227919	68	951.0	556.7	.	.	6.7e+06	2139
R	8235417	8235435	20	950.8	538.5	985.6	539.0	1.64	117
R	8237065	8237083	20	923.8	521.4	941.9	531.5	0.99	82
R	8242433	8242443	12	922.0	547.3	932.3	547.6	0.49	50
R	8245989	8245997	10	942.9	541.5	933.9	541.2	0.43	53
R	8251147	8251157	12	944.4	547.7	956.8	545.5	0.60	64
R	8251197	8251343	148	962.1	545.4	968.1	573.7	1.51	2304
R	8251855	8251893	40	951.2	544.4	898.2	414.5	6.94	301
R	8251999	8252033	36	881.5	392.2	885.2	276.0	5.26	270
R	8252183	8252209	28	871.2	263.0	944.5	266.6	3.18	186
R	8252329	8252379	52	945.8	259.5	619.7	426.9	15.60	566
R	8252561	8252607	48	608.6	421.0	851.5	399.6	10.00	457
R	8252645	8252807	164	851.7	409.7	1126.5	430.0	11.53	714
R	8253029	8253053	26	1116.2	400.1	1057.8	397.8	2.41	137
R	8253245	8253277	34	1047.2	401.8	908.3	401.5	5.72	320
R	8253467	8253507	42	907.9	399.4	720.4	588.1	11.32	599
R	8253717	8253757	42	724.3	599.4	990.0	599.6	11.19	560
R	8253959	8253985	28	997.7	605.3	1066.4	590.8	3.09	190
R	8254131	8254161	32	1070.1	597.2	951.7	600.2	5.26	297
R	8254307	8254367	62	945.7	607.7	335.7	876.5	27.34	926
R	8254503	8254533	32	348.2	872.0	273.8	821.3	3.50	190
R	8254621	8254665	46	286.0	808.1	574.7	824.2	11.05	556
R	8254841	8254885	46	576.0	822.0	840.1	811.1	12.05	586
R	8255079	8255127	50	851.6	806.9	1113.8	784.3	13.14	554
R	8255279	8255327	50	1116.5	795.0	1453.6	778.5	16.04	586
R	8255525	8255559	36	1463.3	777.6	1580.4	762.1	5.07	249
R	8255719	8255797	80	1578.9	756.2	905.9	372.0	34.49	843
R	8255931	8255961	32	898.0	363.0	871.5	274.5	4.11	226
R	8256073	8256089	18	867.5	274.1	873.5	251.0	1.01	88
R	8256239	8256289	52	887.8	246.2	547.7	368.2	15.02	570
R	8256447	8256491	46	567.4	375.4	794.3	380.9	9.62	447
R	8256519	8256683	166	796.4	382.4	1178.6	415.0	17.32	1027
R	8256853	8256879	28	1167.7	398.8	1103.8	397.1	2.94	182
R	8257173	8257219	48	1097.7	397.8	870.8	411.0	10.48	433
R	8257435	8257477	44	873.0	401.9	698.3	403.2	7.78	328
R	8257711	8257767	58	709.5	392.2	1103.6	396.1	17.67	673
R	8258243	8258265	24	1094.2	405.6	1049.2	395.2	2.16	142
R	8259067	8259199	134	1060.4	409.3	1000.8	423.0	2.83	1872
R	8259417	8259483	68	1011.1	411.1	462.6	384.5	22.84	624
R	8259851	8259909	60	437.7	381.2	849.7	419.3	16.87	566
R	8260135	8260175	42	833.5	422.9	1085.7	401.4	11.41	574
R	8260333	8260487	156	1088.6	402.9	965.9	544.4	8.95	2038
R	8260639	8260665	28	962.1	536.4	970.0	592.0	2.88	173
R	8260877	8260923	48	984.0	592.7	782.9	395.7	13.29	506
R	8261149	8261185	38	770.8	393.6	659.0	405.6	4.78	228
R	8261271	8261325	56	662.7	407.8	1090.4	412.4	18.52	689
R	8261903	8261917	16	1091.3	400.0	1115.5	409.3	1.07	84
R	8262271	8262281	12	1117.2	388.6	1104.1	390.3	0.52	53
R	8262747	8262993	248	1128.2	443.8	1130.7	455.2	0.48	52
R	8263025	8267113	4090	1133.1	441.4	949.7	224.9	10.92	636
R	8267411	8267467	58	919.3	225.6	631.1	457.6	13.69	577
R	8267645	8267685	42	632.2	447.4	756.2	424.0	4.57	246
R	8267991	8268019	30	779.6	453.4	902.6	429.4	4.74	296
R	8268159	8268355	198	922.5	445.7	1057.8	439.8	5.25	1181
R	8268507	8281147	12642	1070.9	428.8	946.5	334.2	6.21	596
R	8281393	8281431	40	896.6	342.6	903.4	355.0	0.58	123
R	8281645	8281683	40	888.1	370.3	1022.4	412.3	5.59	272
R	8281771	8286875	5106	890.0	187.2	890.0	187.2	0.00	12
R	8287057	8287105	50	875.6	220.1	631.2	381.2	11.10	542
R	8287329	8287373	46	633.1	378.2	931.7	417.8	11.60	470
R	8287589	8287627	40	919.0	413.6	1102.9	403.8	7.44	367
R	8287835	8288027	194	1103.7	403.5	1093.0	361.7	1.83	2467
R	8288281	8288327	48	1086.4	406.2	717.7	384.8	14.52	569
R	8288599	8288633	36	704.2	374.5	838.0	404.1	5.30	269
R	8288897	8288941	46	863.8	415.9	1101.6	410.3	9.63	434
R	8289261	8289303	44	1097.3	403.7	860.8	605.4	13.26	661
R	8289547	8289587	42	859.1	620.5	687.1	612.9	6.94	353
R	8289749	8289807	60	685.5	605.5	331.6	873.4	17.15	672
R	8289885	8289897	14	316.5	880.8	314.8	866.7	0.59	72
R	8290013	8290063	52	314.1	870.4	626.6	844.9	11.08	417
R	8290243	8290295	54	614.6	874.2	854.0	833.8	9.76	400
R	8290449	8290515	68	855.5	847.3	1323.1	786.9	19.65	694
R	8290855	8290915	62	1305.1	799.3	920.3	298.8	26.67	833
R	8291057	8291087	32	903.7	291.0	859.5	212.9	3.47	176
R	8291449	8291945	498	847.1	202.6	901.8	251.0	2.78	2545
R	8292037	8292091	56	894.8	323.6	894.8	323.6	0.00	30
R	8292145	8292187	44	908.9	327.4	1047.8	391.6	6.26	290
R	8292665	8292715	52	1063.3	407.3	853.1	540.3	10.60	436
R	8292853	8298675	5824	846.1	518.2	873.1	200.0	13.25	1796
R	8298929	8298983	56	861.5	209.5	909.4	483.6	11.46	608
R	8299943	8299989	48	895.3	489.1	548.7	386.7	14.09	506
R	8300201	8300251	52	550.2	391.6	897.0	418.8	13.41	530
R	8300407	8300775	370	891.5	426.0	925.8	343.1	3.84	2248
R	8301003	8301039	38	920.6	346.3	1045.1	406.0	5.70	256
R	8301391	8301437	48	1023.2	396.9	759.3	460.6	11.11	451
R	8301703	8301751	50	758.2	463.4	739.7	612.5	6.76	413
R	8301951	8301993	44	733.3	629.4	996.7	592.8	11.13	562
R	8302217	8302243	28	1008.1	596.7	947.4	615.4	2.73	174
R	8302361	8302429	70	953.8	616.7	401.3	868.7	24.07	910
R	8302591	8302623	34	397.1	878.0	601.8	854.4	7.60	435
R	8302753	8302801	50	635.2	848.4	946.8	842.8	12.85	521
R	8302921	8302967	48	946.4	840.4	1264.3	805.5	13.69	564
R	8303127	8303161	36	1262.4	805.5	1428.6	775.5	7.06	397
R	8303295	8303309	16	1438.2	793.9	1450.2	809.7	0.88	73
R	8303519	8306403	2886	1438.8	837.8	1406.4	976.9	6.69	1056
R	8324757	8324779	24	944.5	578.6	994.4	763.6	9.95	612
R	8327961	8328009	50	944.3	548.6	1199.6	698.8	14.22	567
R	8328171	8328213	44	1200.9	698.1	987.0	553.6	12.50	581
R	8337377	8337467	92	955.8	571.7	.	.	7.1e+06	1321
R	8390275	8390299	26	973.2	543.5	1002.0	667.0	6.56	329
R	8392875	8392883	10	987.8	539.0	984.5	548.4	0.50	63
R	8397173	8397199	28	986.3	551.1	985.8	552.6	0.08	63
R	8402193	8402203	12	982.2	561.0	984.2	554.4	0.35	59
R	8412089	8412097	10	961.9	551.9	965.2	560.1	0.45	55
R	8418243	8418285	44	986.9	560.3	.	.	6.0e+06	2109
R	8424715	8424733	20	985.4	549.0	985.3	542.6	0.33	67
R	8428397	8428415	20	992.6	547.8	973.9	547.3	0.89	74
R	8430545	8430553	10	976.0	550.4	984.0	547.0	0.42	52
R	8435471	8435479	10	963.8	556.3	965.9	563.1	0.37	46
R	8436059	8436091	34	971.2	554.4	997.7	561.5	1.32	91
R	8441217	8441231	16	973.0	577.2	987.1	582.2	0.73	62
R	8445093	8445107	16	978.1	560.0	960.3	555.0	0.89	75
R	8445411	8445421	12	964.8	553.0	977.9	554.1	0.63	66
R	8447547	8447557	12	961.4	579.6	975.5	580.3	0.68	77
R	8452623	8452631	10	960.6	573.3	969.0	570.8	0.42	52
R	8455999	8456009	12	956.5	563.3	967.3	561.3	0.53	55
R	8458159	8458167	10	943.7	573.4	952.7	571.0	0.45	55
R	8462373	8462569	198	970.6	561.7	977.4	580.4	1.04	2859
R	8468345	8468367	24	979.6	558.6	963.7	509.4	2.67	174
R	8468571	8468615	46	950.7	480.4	1142.3	440.7	9.23	339
R	8468787	8468801	16	1141.9	427.1	1117.1	428.9	1.15	92
R	8468893	8468951	60	1110.7	429.7	652.0	411.8	20.00	618
R	8469007	8469177	172	647.0	402.1	933.2	466.8	12.55	1240
R	8469311	8469327	18	921.3	434.1	918.1	438.9	0.26	60
R	8469375	8469415	42	914.8	433.8	876.9	230.8	8.72	410
R	8469455	8472659	3206	870.0	202.7	534.7	809.6	28.31	2124
R	8472809	8472879	72	568.9	817.8	927.6	285.1	27.23	1020
R	8473029	8473073	46	929.6	279.5	964.5	347.7	3.25	261
R	8473145	8473255	112	974.8	361.9	686.0	353.9	11.51	459
R	8473385	8473417	34	695.1	375.1	864.8	392.3	6.75	409
R	8473497	8473513	18	887.4	403.6	882.7	422.3	0.85	75
R	8473573	8473623	52	883.9	424.6	1155.1	434.1	11.12	365
R	8473797	8477257	3462	1151.8	430.1	1150.8	422.1	0.35	61
R	8477337	8477389	54	1197.5	527.6	1004.2	643.8	9.30	668
R	8477575	8477615	42	975.5	651.9	700.6	667.9	10.80	537
R	8477773	8477809	38	687.8	688.2	413.1	806.2	11.09	638
R	8477877	8478119	244	421.5	823.4	294.3	1165.5	14.30	1479
R	8478241	8478285	46	918.7	794.4	1259.9	782.6	13.74	640
R	8478633	8478693	62	1264.9	792.8	906.1	529.1	18.36	563
R	8478841	8478905	66	905.0	510.2	541.8	224.7	17.19	517
R	8479063	8524887	45826	556.8	222.1	872.9	581.7	18.29	1553
R	8774481	8774505	26	954.5	570.7	999.1	558.7	2.13	127
R	8774781	8774799	20	994.4	556.5	964.3	557.4	1.38	98
R	8775875	8775909	36	963.5	553.8	1082.4	635.1	6.83	351
R	8776085	8776121	38	1082.0	644.6	957.4	566.7	6.98	382
R	8776529	8776543	16	955.0	568.5	978.8	568.7	1.09	86
R	8790007	8790015	10	969.7	563.8	978.8	563.4	0.42	61
R	8792689	8792701	14	982.2	550.1	971.4	559.1	0.67	55
R	8794085	8794097	14	977.0	560.2	994.9	558.6	0.83	74
R	8796037	8796053	18	999.4	552.3	974.3	549.8	1.17	86
R	8796589	8796623	36	982.0	553.5	997.4	557.9	0.74	66
R	8800271	8800321	52	973.1	567.1	.	.	6.6e+06	2059
R	8802607	8802621	16	973.9	553.4	994.1	555.0	0.94	78
R	8803165	8803177	14	999.4	562.4	985.9	557.8	0.67	60
R	8818519	8818537	20	977.6	552.7	1009.6	560.8	1.55	107
R	8819815	8819831	18	976.9	561.1	999.6	559.3	1.06	77
R	8822165	8822211	48	992.0	552.3	968.6	559.3	1.14	96
R	8822965	8822985	22	982.6	557.2	1010.2	561.0	1.30	90
R	8823225	8823241	18	999.3	560.5	974.9	560.5	1.14	84
R	8824971	8824979	10	984.6	557.2	994.2	559.7	0.47	62
R	8828199	8828211	14	975.8	556.6	991.8	557.8	0.75	68
R	8833829	8833843	16	972.2	565.3	991.5	561.5	0.92	70
R	8838435	8838449	16	974.3	558.7	999.2	563.3	1.18	96
R	8843161	8843171	12	999.1	556.8	987.9	556.5	0.52	55
R	8843491	8843663	174	985.2	556.5	1001.5	578.9	1.36	1497
R	8850193	8850211	20	968.2	554.7	1003.4	552.7	1.64	112
R	8850373	8850387	16	1003.7	558.9	983.0	561.7	0.98	78
R	8850811	8850825	16	990.4	559.5	972.8	552.5	0.89	71
R	8853001	8853055	56	973.0	564.7	.	.	6.8e+06	1592
R	8859553	8859569	18	968.9	567.2	990.8	564.8	1.03	80
R	8863657	8863669	14	973.7	550.6	990.2	553.4	0.78	71
R	8872055	8872215	162	979.5	559.8	985.3	575.9	0.86	2221
R	8875509	8875519	12	977.2	556.3	965.2	555.7	0.56	59
R	8882151	8882173	24	979.3	565.3	1009.0	565.9	1.39	95
R	8900605	8900619	16	972.7	551.2	996.5	553.4	1.12	87
R	8906217	8906227	12	979.7	559.6	968.5	555.4	0.56	61
R	8907587	8907599	14	972.5	544.8	989.8	551.2	0.87	80
R	8911055	8911065	12	985.3	554.9	973.7	555.7	0.54	58
R	8912805	8912835	32	962.5	548.9	984.3	548.5	1.01	80
R	8914095	8914105	12	963.2	549.2	973.0	556.6	0.59	58
R	8914599	8914607	10	978.6	548.3	970.3	551.3	0.42	52
R	8916203	8916271	70	984.6	553.0	974.9	1007.4	23.43	1298
R	8920327	8920345	20	977.1	542.9	1000.4	550.2	1.15	82
R	8924291	8924301	12	974.3	552.8	988.3	555.9	0.67	70
R	8925195	8925205	12	967.3	551.3	958.4	542.6	0.60	61
R	8926459	8926471	14	974.6	543.8	989.1	546.9	0.70	66
R	8927231	8927249	20	994.0	544.9	969.3	547.8	1.16	80
R	8928185	8928347	164	977.1	557.1	971.8	572.4	0.81	2567
R	8929181	8929219	40	948.6	544.4	846.2	466.2	6.03	273
R	8929415	8929465	52	843.2	463.6	1090.3	436.8	11.20	367
R	8929659	8929693	36	1091.6	417.4	1210.6	417.1	5.30	220
R	8929751	8929815	66	1220.7	417.0	606.2	396.8	25.73	719
R	8930011	8930047	38	610.6	384.9	790.1	389.5	7.31	346
R	8930203	8930245	44	805.0	386.3	739.6	549.2	7.99	360
R	8930377	8930435	60	739.0	540.3	946.6	554.7	9.01	369
R	8930561	8930569	10	949.3	558.3	947.6	568.1	0.48	63
R	8930627	8930667	42	948.8	571.9	1107.4	555.4	7.08	330
R	8930805	8930843	40	1107.8	564.3	1171.6	399.9	8.11	360
R	8931013	8931035	24	1162.7	381.9	1107.9	378.6	2.32	152
R	8931243	8931311	70	1099.6	364.3	515.0	734.7	28.80	696
R	8931463	8931509	48	516.7	751.7	245.1	750.0	9.50	338
R	8931655	8931721	68	263.8	762.1	788.9	774.8	19.60	515
R	8931879	8931939	62	793.8	780.3	1235.0	759.1	19.51	620
R	8931977	8931995	20	1231.5	763.6	1232.7	744.2	0.98	81
R	8932073	8932117	46	1233.5	760.0	1475.7	761.1	10.37	448
R	8932273	8932351	80	1467.5	762.3	853.4	236.7	33.98	854
R	8932499	8932513	16	845.3	218.6	856.5	203.5	0.74	76
R	8932669	8932701	34	858.7	204.9	829.6	351.1	6.14	337
R	8932911	8932959	50	825.4	367.0	605.0	376.2	8.84	376
R	8933101	8933313	214	613.5	372.8	851.7	228.1	11.15	666
R	8933409	8933581	174	849.9	205.0	790.1	837.8	28.24	2015
R	8933641	8933795	156	795.5	826.9	872.2	782.2	4.17	1712
R	8933877	8934067	192	869.6	764.6	1304.1	778.8	19.85	1377
R	8934255	8934299	46	1297.6	768.1	1467.5	778.5	7.47	342
R	8934605	8934683	80	1478.8	773.6	778.1	262.5	36.83	890
R	8934729	8934745	18	772.7	252.0	770.3	235.1	0.69	54
R	8934875	8934909	36	761.4	223.2	894.2	192.5	5.45	284
R	8935361	8935411	52	900.4	205.8	640.9	340.9	11.71	437
R	8935627	8935675	50	630.2	339.6	953.9	402.4	13.60	550
R	8935839	8935873	36	954.3	399.1	1096.1	402.3	6.18	309
R	8936119	8936159	42	1102.5	395.5	1032.3	424.4	3.34	192
R	8936309	8936341	34	1041.5	424.8	1001.1	567.7	7.06	422
R	8936531	8936555	26	998.8	581.6	939.1	576.6	2.71	170
R	8936661	8936717	58	934.6	585.2	674.2	582.5	11.25	528
R	8936889	8936929	42	661.2	592.5	770.0	598.5	4.59	260
R	8937143	8937183	42	766.2	581.0	858.1	364.1	10.62	517
R	8937349	8937383	36	870.8	359.8	1000.8	367.2	5.49	259
R	8937499	8937527	30	1001.7	366.3	1070.9	383.2	3.06	178
R	8937787	8937849	64	1071.8	390.2	725.7	381.6	14.46	536
R	8938051	8938085	36	715.1	383.5	870.0	392.1	6.41	353
R	8938331	8938367	38	875.5	391.6	1015.1	402.3	6.02	286
R	8938707	8938749	44	1018.0	396.4	866.0	399.2	6.54	250
R	8938805	8938943	140	861.9	396.3	904.0	427.8	2.30	1716
R	8939131	8939179	50	886.4	385.1	605.2	382.9	11.39	392
R	8939447	8939483	38	606.9	394.2	860.7	387.0	10.26	550
R	8939677	8939713	38	890.0	370.5	1061.0	376.1	7.28	386
R	8940217	8940237	22	1057.3	380.2	1103.0	373.7	1.99	126
R	8940543	8940571	30	1102.1	392.9	1003.6	393.5	4.23	255
R	8940919	8940951	34	1013.0	395.7	885.7	388.9	5.45	304
R	8941019	8941027	10	893.3	400.1	895.6	390.1	0.46	57
R	8941603	8941667	66	915.3	411.6	558.6	169.9	17.12	504
R	8941897	8942055	160	584.9	184.1	1075.9	450.6	22.52	1361
R	8942375	8942437	64	1053.3	421.2	686.3	399.3	15.48	602
R	8942857	8942903	48	680.0	401.1	925.9	591.8	13.73	664
R	8943185	8943219	36	925.9	612.9	987.5	799.3	9.92	573
R	8943245	8943253	10	991.5	805.5	990.9	816.0	0.55	69
R	8943411	8943461	52	988.5	814.0	1245.6	781.3	12.02	439
R	8943635	8943667	34	1248.8	785.8	1411.6	786.6	7.24	391
R	8943827	8943909	84	1431.6	785.1	437.7	772.1	39.76	883
R	8944125	8944173	50	449.0	765.5	775.8	774.2	13.37	533
R	8944389	8944441	54	782.1	753.3	1092.5	765.3	14.22	529
R	8944797	8944825	30	1095.1	778.5	1091.6	777.0	0.18	75
R	8944893	8944961	70	1095.1	774.2	942.2	346.4	21.49	529
R	8945071	8945105	36	933.9	322.1	905.2	225.1	4.17	212
R	8945347	8945385	40	888.5	211.4	704.3	414.6	11.29	588
R	8945457	8946425	970	681.6	443.4	946.3	395.6	11.40	1784
R	8946941	8946989	50	911.7	363.0	1040.8	511.1	8.80	400
R	8998651	8998669	20	965.1	536.3	995.4	533.2	1.44	100
R	8999209	8999337	130	983.8	548.2	969.5	700.0	8.02	3027
R	9010557	9010571	16	954.4	552.0	968.2	561.9	0.84	64
R	9013487	9013495	10	946.3	541.9	951.6	547.4	0.38	48
R	9015071	9015105	36	944.1	558.5	925.2	796.2	12.81	716
R	9019837	9019855	20	935.9	552.3	962.0	551.1	1.26	87
R	9020843	9020851	10	931.5	547.9	939.1	551.9	0.42	52
R	9023149	9023157	10	947.5	546.8	938.5	546.0	0.43	54
R	9023515	9023525	12	927.7	548.2	937.5	548.9	0.47	49
R	9028269	9028293	26	939.1	537.9	996.5	554.2	2.89	178
R	9031341	9031359	20	952.1	543.3	983.7	548.5	1.55	108
R	9031593	9031607	16	986.0	547.2	967.3	546.4	0.90	72
R	9032683	9032693	12	962.5	540.6	952.1	538.9	0.51	50
R	9046771	9046783	14	941.4	533.0	955.0	537.5	0.70	65
R	9050501	9050509	10	960.8	534.9	952.6	532.9	0.41	50
R	9052361	9052373	14	946.9	534.1	962.8	539.3	0.81	73
R	9054825	9054837	14	948.8	526.7	962.8	535.1	0.80	71
R	9056499	9056509	12	959.6	531.5	947.7	529.6	0.58	63
R	9057941	9057951	12	938.7	525.1	925.5	525.1	0.63	66
R	9058211	9058221	12	932.9	524.7	943.5	529.6	0.57	60
R	9068203	9068219	18	962.8	526.5	937.3	528.3	1.23	94
R	9068739	9068889	152	957.7	541.9	988.5	556.9	1.70	3270
R	9069103	9069241	140	970.0	546.2	971.9	541.8	0.25	3156
R	9074379	9074391	14	954.5	527.0	940.7	527.8	0.67	57
R	9074925	9074937	14	936.9	529.9	954.4	530.6	0.84	79
R	9081365	9081383	20	933.4	527.4	958.7	532.5	1.25	89
R	9083721	9083729	10	951.4	513.0	942.5	511.9	0.43	56
R	9089141	9089149	10	936.9	523.9	945.8	523.4	0.43	54
R	9090699	9090845	148	949.2	515.1	965.6	565.0	2.72	3230
R	9094453	9094475	24	942.6	530.6	979.0	523.2	1.81	124
R	9100231	9100241	12	952.5	517.2	943.0	511.2	0.55	56
R	9101079	9101093	16	944.0	518.8	961.0	522.6	0.85	66
R	9101957	9101967	12	954.1	522.4	940.6	523.7	0.66	72
R	9105727	9105737	12	949.5	511.6	959.6	517.3	0.57	62
R	9107519	9107533	16	953.0	522.8	935.4	520.3	0.87	71
R	9110767	9110793	28	958.5	524.9	982.0	566.8	2.48	153
R	9110877	9111001	126	986.3	578.8	1052.8	610.5	3.69	2830
R	9111061	9111091	32	1041.8	576.2	1065.9	490.4	4.50	255
R	9111189	9111309	122	1062.0	481.3	1088.6	432.0	2.61	454
R	9111483	9111523	42	1079.3	394.5	934.0	429.5	6.33	268
R	9111605	9111673	70	933.5	431.0	698.8	605.2	12.40	527
R	9111839	9111885	48	701.4	597.1	1003.9	578.8	12.40	625
R	9112011	9112027	18	1009.9	570.3	1002.7	585.1	0.74	61
R	9112107	9112167	62	1003.9	583.2	313.0	790.0	26.81	817
R	9112341	9112379	40	317.1	807.2	580.4	780.8	9.33	482
R	9112497	9112557	62	607.3	778.5	1166.4	769.8	22.87	770
R	9112695	9112871	178	1169.2	777.4	1461.4	786.9	12.23	1335
R	9113107	9113131	26	1454.1	787.8	1410.2	766.1	2.07	134
R	9113227	9115367	2142	1413.2	793.1	1077.3	419.7	21.70	1118
R	9115523	9121251	5730	1050.8	409.4	693.4	438.3	14.04	742
R	9121347	9121381	36	717.9	384.5	563.5	353.9	5.95	328
R	9121499	9121535	38	564.5	358.0	795.0	365.2	8.77	460
R	9121735	9121777	44	820.1	348.8	1092.7	366.6	11.04	520
R	9122033	9122057	26	1104.0	357.8	1053.0	360.0	2.08	133
R	9122381	9126505	4126	1047.1	368.7	22.8	654.5	35.65	1232
R	9126711	9126739	30	974.8	336.0	1078.4	339.2	4.15	234
R	9126979	9127013	36	1084.9	344.9	926.8	419.6	7.14	394
R	9127209	9127229	22	912.3	431.4	880.5	426.1	1.33	97
R	9127445	9127619	176	885.8	444.2	916.4	415.4	1.78	1968
R	9127813	9127837	26	913.8	457.6	870.0	467.1	1.86	124
R	9128083	9128141	60	886.4	476.7	587.9	567.1	12.57	638
R	9128317	9128353	38	562.0	581.8	850.8	597.9	11.53	678
R	9128571	9128617	48	855.5	604.6	1037.7	591.2	7.73	528
R	9128809	9143893	15086	1032.5	540.2	1032.5	540.2	0.00	25
R	9144083	9144119	38	1020.6	503.9	1129.7	467.6	5.29	288
R	9144255	9144793	540	1122.7	468.3	1103.9	590.0	5.94	1182
R	9149191	9149205	16	936.9	517.4	920.0	511.6	0.82	67
R	9149723	9149735	14	928.4	511.7	944.6	511.8	0.74	68
R	9167041	9167051	12	962.4	492.6	949.0	492.1	0.61	61
R	9172325	9172333	10	957.7	500.8	965.4	505.6	0.43	55
R	9174427	9174445	20	967.7	518.3	941.8	513.5	1.23	90
R	9174769	9174777	10	953.2	515.9	961.2	515.8	0.37	47
R	9188693	9188705	14	973.9	520.3	986.4	529.6	0.75	68
R	9188971	9188979	10	988.6	527.5	978.6	523.3	0.52	63
R	9192015	9192025	12	964.1	519.0	975.9	518.2	0.56	57
R	9205379	9205387	10	965.3	508.8	974.1	510.8	0.42	52
R	9207521	9207529	10	977.2	502.6	985.5	503.9	0.39	50
R	9210271	9210433	164	966.6	511.6	976.8	530.4	1.06	2993
R	9221761	9221769	10	953.7	511.1	962.0	506.7	0.44	54
R	9225155	9225165	12	959.5	494.8	968.7	502.7	0.58	60
R	9230775	9230783	10	947.6	513.9	942.9	509.0	0.33	41
R	9233743	9233755	14	946.6	503.0	962.5	503.3	0.75	68
R	9233797	9233883	88	967.9	507.4	961.3	534.4	1.40	456
R	9364827	9364837	12	1010.7	541.4	1000.4	540.2	0.50	53
R	9373345	9373363	20	994.5	531.8	1024.4	532.9	1.43	100
R	9373635	9373643	10	1014.2	532.3	1004.9	532.3	0.44	54
R	9383525	9383535	12	997.6	535.9	1008.0	537.6	0.51	55
R	9387869	9387877	10	994.7	536.3	987.0	532.7	0.41	51
R	9388307	9388315	10	985.7	534.4	993.6	533.0	0.39	48
R	9391595	9391607	14	993.0	527.1	1005.1	525.4	0.59	50
R	9391707	9391717	12	998.3	520.5	985.4	523.5	0.64	65
R	9393821	9393857	38	1004.3	538.2	917.9	465.6	5.48	260
R	9394035	9394081	48	908.7	462.7	1118.4	446.8	9.83	364
R	9394299	9394339	42	1107.4	439.6	1023.5	599.8	9.07	451
R	9394619	9394669	52	1010.6	602.0	709.2	607.0	14.09	473
R	9394729	9394865	138	723.5	606.4	800.5	613.2	3.53	1948
R	9394927	9394981	56	805.7	609.8	375.4	878.1	22.08	719
R	9395141	9395195	56	383.6	871.7	771.7	788.7	16.41	649
R	9395295	9395357	64	768.1	793.2	1324.9	783.3	25.72	724
R	9395507	9395545	40	1329.9	780.9	1500.7	804.1	7.74	328
R	9395823	9395905	84	1505.7	798.0	1153.0	1083.0	21.82	636
R	9395983	9395997	16	1144.5	1095.3	1134.6	1111.7	0.98	90
R	9396023	9398537	2516	1139.8	1102.6	1133.6	1124.1	1.16	156
R	9402613	9402621	10	980.4	541.0	972.9	538.2	0.39	49
R	9412263	9412277	16	990.8	532.6	971.2	528.5	0.97	76
R	9412843	9412861	20	971.9	538.1	1001.3	537.1	1.43	102
R	9427723	9427731	10	1000.8	531.5	1009.9	532.1	0.44	54
R	9436643	9436655	14	993.8	532.2	1007.2	533.8	0.65	57
R	9439523	9439535	14	993.7	538.5	1008.3	540.2	0.71	64
R	9452123	9452135	14	1004.5	543.3	1018.0	544.2	0.65	60
R	9455595	9455605	12	994.8	549.0	1002.9	553.8	0.46	46
R	9455705	9455835	132	1002.3	557.1	999.8	664.8	5.73	2587
R	9463901	9464025	126	1002.1	539.3	1008.8	589.6	2.65	2382
R	9465527	9465539	14	996.4	536.6	1012.9	537.1	0.80	73
R	9473215	9473231	18	996.3	540.7	1017.2	537.7	1.02	72
R	9474859	9474881	24	1020.3	513.6	988.0	524.0	1.64	117
R	9478399	9478415	18	993.0	520.4	1015.3	525.2	1.10	83
R	9478649	9478661	14	1009.9	526.8	994.5	525.8	0.75	67
R	9486973	9486981	10	991.3	537.7	983.2	534.8	0.42	52
R	9488049	9488061	14	967.6	534.3	984.5	540.9	0.88	80
R	9505441	9505457	18	998.9	512.4	976.9	516.2	1.06	80
R	9507773	9507783	12	991.9	518.3	981.4	518.5	0.50	51
R	9512773	9512783	12	991.5	522.5	979.0	518.2	0.63	65
R	9517715	9517725	12	994.7	519.0	982.6	519.5	0.57	60
R	9522169	9522185	18	981.5	522.4	956.8	519.0	1.19	85
R	9522787	9522803	18	956.7	528.3	981.4	524.0	1.19	91
R	9528163	9528171	10	978.6	537.4	984.9	534.2	0.34	43
R	9545721	9545733	14	980.6	524.9	971.9	536.7	0.73	70
R	9545955	9545973	20	976.8	536.1	1002.1	532.2	1.22	84
R	9546343	9546355	14	1000.4	531.5	985.7	535.6	0.73	67
R	9556831	9556861	32	982.3	538.8	930.2	463.8	4.47	239
R	9556981	9557011	32	926.1	455.0	1007.2	433.5	3.90	209
R	9557087	9557119	34	1012.7	430.9	1133.7	433.7	5.60	306
R	9557429	9557467	40	1137.3	418.4	1136.2	268.5	6.71	269
R	9557675	9557735	62	1120.3	250.5	699.4	228.8	17.45	456
R	9557817	9557921	106	701.8	230.8	891.4	269.6	8.00	797
R	9558013	9558063	52	883.4	244.8	1241.6	267.4	15.21	487
R	9558177	9558311	136	1244.8	270.6	822.6	680.1	26.89	1162
R	9558375	9558393	20	825.4	657.5	828.7	651.3	0.36	75
R	9558443	9558457	16	830.5	656.9	830.9	636.1	1.09	79
R	9558563	9558611	50	831.3	624.1	1053.6	571.0	10.74	449
R	9558731	9558793	64	1057.4	570.1	399.0	850.9	30.58	935
R	9558977	9559015	40	401.0	863.1	610.0	795.2	8.94	465
R	9559103	9559171	70	621.5	791.3	750.8	594.4	11.32	528
R	9559407	9559453	48	743.1	602.4	450.5	808.5	15.62	602
R	9559611	9559693	84	448.0	820.7	987.0	756.2	23.26	752
R	9559839	9559889	52	978.0	779.1	1354.7	753.2	17.82	635
R	9560011	9560021	12	1360.0	752.4	1357.5	764.3	0.64	71
R	9560057	9560099	44	1357.7	777.8	1535.0	788.5	7.78	364
R	9560305	9560391	88	1542.9	796.3	693.8	739.5	37.03	827
R	9560537	9560583	48	681.8	740.8	358.7	839.3	14.22	521
R	9560779	9560835	58	370.4	840.4	604.0	797.9	9.89	430
R	9560971	9562519	1550	610.5	792.1	988.9	243.2	29.74	643
R	9562777	9562815	40	965.3	197.8	1178.5	224.2	8.83	417
R	9563031	9564385	1356	1185.6	233.6	997.8	619.7	19.56	989
R	9564629	9564665	38	996.4	592.1	846.0	589.2	7.20	368
R	9564885	9566819	1936	840.0	586.0	1438.1	909.2	31.66	2116
R	9566991	9569623	2634	864.1	336.0	1176.2	310.6	12.40	2296
R	9569647	9571073	1428	1183.2	327.2	1108.5	373.0	3.67	1430
R	9571281	9571327	48	1083.7	402.4	736.0	380.4	14.64	634
R	9571557	9571593	38	726.9	378.6	895.9	378.9	7.13	377
R	9571939	9571975	38	891.9	378.2	1035.9	379.9	6.22	298
R	9572399	9573059	662	1061.6	394.5	812.1	239.2	12.21	330
R	9573205	9573251	48	855.9	471.0	645.9	542.3	9.26	725
R	9573321	9573371	52	698.1	569.1	698.6	578.4	0.43	122
R	9573423	9573493	72	676.5	573.1	279.6	849.4	19.25	668
R	9573683	9573733	52	273.8	856.2	634.9	806.1	13.64	606
R	9573927	9573983	58	640.0	803.0	795.3	768.5	6.77	381
R	9574115	9574125	12	725.0	763.7	735.5	766.0	0.46	63
R	9574205	9574301	98	753.5	768.5	888.3	248.8	23.57	908
R	9574365	9574373	10	853.3	232.8	839.4	230.4	0.56	71
R	9574415	9574443	30	774.5	196.2	886.2	243.7	4.73	375
R	9574483	9574539	58	880.2	241.9	888.0	248.4	0.40	167
R	9574575	9574595	22	888.5	259.5	890.9	222.7	1.46	107
R	9574751	9574777	28	898.1	221.0	824.8	188.8	3.12	233
R	9574839	9574875	38	874.3	203.3	907.0	152.4	2.31	137
R	9575005	9575043	40	771.3	142.4	990.9	195.1	8.66	507
R	9575069	9575181	114	954.5	174.8	915.6	127.1	2.32	631
R	9575217	9575249	34	868.0	127.8	1122.9	161.8	9.85	668
R	9575293	9575329	38	1119.0	157.1	862.5	131.8	9.87	568
R	9575379	9575425	48	860.8	130.7	1065.2	145.4	7.87	701
R	9575509	9575561	54	930.7	134.3	816.7	349.8	9.64	338
R	9575749	9575783	36	820.9	354.5	680.2	383.7	5.83	301
R	9575965	9576163	200	692.4	393.8	914.7	408.7	9.23	2356
R	9576251	9576391	142	912.3	403.2	1171.2	394.6	10.91	649
R	9576451	9576501	52	1127.0	383.2	1180.0	396.6	2.30	324
R	9576627	9576653	28	1152.0	394.6	1083.7	416.1	3.04	184
R	9576965	9577013	50	1078.5	414.8	884.5	588.1	11.59	482
R	9577251	9577287	38	882.8	606.6	756.4	618.7	5.49	304
R	9577517	9577561	46	753.9	612.4	1028.8	586.3	11.89	566
R	9577895	9577919	26	1041.1	588.0	980.1	593.9	2.70	175
R	9578161	9578197	38	985.2	601.4	1116.7	601.3	5.81	281
R	9578443	9578499	58	1116.8	585.8	896.4	609.5	9.91	407
R	9578685	9578735	52	894.2	633.5	769.2	637.4	5.62	321
R	9578951	9579027	78	766.2	629.9	361.6	888.0	19.69	877
R	9579161	9579253	94	367.5	889.2	1089.4	802.7	29.05	782
R	9579405	9579453	50	1110.7	802.8	1461.4	816.7	15.33	582
R	9579859	9579893	36	1459.5	825.0	1304.2	814.7	6.79	365
R	9580097	9581443	1348	1279.5	843.2	921.7	422.5	26.83	587
R	9581665	9581707	44	908.0	415.2	1133.8	422.8	10.02	461
R	9581847	9581887	42	1135.2	424.0	1010.9	594.3	9.91	525
R	9582119	9582175	58	1007.1	611.3	804.3	628.3	9.54	467
R	9582371	9583867	1498	802.7	639.2	921.5	636.6	5.74	2359
R	9584055	9584093	40	917.4	608.8	1109.4	626.3	9.39	476
R	9588817	9588835	20	992.7	538.7	967.4	535.5	1.21	86
R	9589611	9589621	12	976.1	534.1	986.4	532.6	0.49	51
R	9591005	9591013	10	1000.5	533.3	993.6	540.6	0.49	61
R	9604171	9604181	12	985.2	533.6	996.1	534.0	0.52	53
R	9604747	9604755	10	994.0	525.9	985.7	527.2	0.40	48
R	9614391	9614399	10	980.7	533.2	989.3	535.0	0.42	52
R	9627385	9627397	14	1017.0	533.2	1000.5	530.8	0.80	70
R	9628031	9628045	16	995.4	534.8	1014.5	537.4	0.93	74
R	9647133	9647141	10	1006.1	542.9	999.6	541.1	0.33	41
R	9653267	9653277	12	991.5	535.5	1002.4	538.0	0.54	55
R	9654599	9654611	14	1003.4	553.1	986.7	549.6	0.83	74
R	9654993	9655001	10	990.9	551.1	997.1	553.0	0.32	40
R	9660907	9660915	10	1003.4	553.9	994.5	553.7	0.43	54
R	9664075	9664087	14	987.1	534.3	1000.9	534.8	0.67	58
R	9682097	9682107	12	989.3	531.2	1000.6	533.7	0.56	56
R	9682201	9682213	14	995.6	532.8	981.9	534.1	0.66	60
R	9690623	9690635	14	1004.7	535.6	1018.1	537.8	0.66	61
R	9694955	9694969	16	985.5	537.4	1005.0	538.6	0.94	76
R	9697193	9697203	12	1001.9	534.3	991.5	539.8	0.58	59
R	9709427	9709445	20	969.6	531.5	997.4	532.1	1.35	96
R	9713857	9713869	14	979.7	532.3	992.7	532.6	0.63	57
R	9721027	9721039	14	989.6	530.3	1003.8	534.2	0.71	65
R	9725379	9725389	12	995.5	536.9	983.8	539.4	0.57	57
R	9732971	9732981	12	989.7	526.8	977.7	531.9	0.62	64
R	9733857	9733865	10	981.5	528.0	991.1	529.6	0.46	59
R	9740077	9740193	118	988.1	541.6	1007.7	585.8	2.45	2840
R	9740281	9740389	110	988.9	540.7	594.6	1007.2	29.51	421
R	9746553	9746577	26	987.5	544.3	986.0	488.1	2.81	168
R	9746631	9746665	36	986.4	480.4	1122.8	450.1	6.53	343
R	9746907	9746955	50	1120.4	429.3	949.0	256.1	10.79	386
R	9747103	9747577	476	935.1	250.5	900.5	570.8	14.67	1041
R	9747609	9747617	10	896.9	569.5	896.2	560.8	0.44	56
R	9747667	9747807	142	898.8	563.9	792.6	618.2	5.67	1339
R	9747877	9748027	152	791.4	597.6	1073.2	619.8	13.25	1255
R	9748093	9748223	132	1069.6	610.0	1081.4	411.1	9.77	538
R	9748333	9748741	410	1070.3	395.7	518.3	861.9	32.61	1399
R	9748813	9748823	12	522.3	849.0	526.4	839.0	0.53	55
R	9748859	9749129	272	532.6	832.6	1377.1	767.9	36.95	1358
R	9749255	9749295	42	1363.0	747.0	1553.1	774.2	8.46	354
R	9749391	9749533	144	1559.5	781.6	1020.4	427.6	29.13	1072
R	9750029	9750067	40	1015.8	412.0	1100.3	507.7	6.03	304
R	9751889	9751897	10	969.6	529.7	959.7	528.8	0.47	57
R	9760647	9760657	12	977.0	542.4	989.3	539.9	0.60	62
R	9765565	9765573	10	994.5	529.6	1002.9	530.2	0.40	51
R	9765863	9765871	10	1005.3	534.6	996.4	532.3	0.44	57
R	9768567	9768581	16	999.0	523.3	980.9	524.5	0.86	69
R	9776885	9776897	14	985.1	533.5	999.5	534.5	0.69	61
R	9794181	9794189	10	982.2	534.5	989.7	534.9	0.36	45
R	9795991	9796005	16	972.6	532.2	995.0	533.7	1.07	87
R	9797449	9797459	12	980.5	526.5	970.0	531.8	0.57	58
R	9800351	9800361	12	972.2	523.0	961.2	524.9	0.53	54
R	9801235	9801245	12	962.3	522.0	973.8	520.5	0.55	58
R	9801783	9801971	190	972.4	524.5	979.6	550.7	1.38	3079
R	9802031	9802125	96	980.2	531.2	.	.	7.1e+06	393
R	9807533	9807541	10	983.3	541.2	973.8	542.4	0.46	56
R	9808843	9808859	18	975.7	536.2	998.5	537.6	1.09	81
R	9810217	9810225	10	968.7	535.4	977.7	534.3	0.43	56
R	9812837	9812851	16	972.2	538.0	971.2	553.0	0.77	63
R	9813305	9813313	10	987.0	539.5	977.5	539.5	0.45	57
R	9819541	9819553	14	991.2	524.8	978.0	529.3	0.67	61
R	9820643	9820653	12	975.7	524.2	986.6	523.8	0.52	53
R	9821399	9821409	12	997.7	524.8	986.0	522.1	0.58	61
R	9821883	9821893	12	984.0	525.7	972.4	527.6	0.56	59
R	9822505	9822517	14	971.3	541.5	983.3	547.1	0.65	57
R	9822633	9822711	80	985.1	552.2	.	.	7.3e+06	622
R	9826901	9826913	14	969.8	542.8	983.8	541.5	0.68	59
R	9830093	9830101	10	977.4	541.4	968.3	541.9	0.44	56
R	9832597	9832607	12	981.7	548.7	971.6	544.9	0.53	55
R	9834983	9834993	12	993.6	540.0	984.3	541.5	0.46	47
R	9840365	9840375	12	974.0	545.1	986.2	542.0	0.61	64
R	9843083	9843255	174	968.4	528.7	994.1	561.5	2.11	2610
R	9843607	9843629	24	978.8	540.1	995.5	557.6	1.22	71
R	9843665	9843719	56	1001.8	564.6	990.4	560.1	0.61	168
R	9851859	9851871	14	979.8	530.1	990.6	526.5	0.56	48
R	9852223	9852235	14	987.2	532.2	970.6	530.2	0.81	75
R	9862237	9862249	14	970.1	537.7	955.1	541.5	0.75	68
R	9863619	9863627	10	966.3	544.0	975.4	544.9	0.44	54
R	9865585	9865593	10	983.1	546.0	991.5	542.8	0.44	55
R	9868681	9868693	14	995.3	547.4	978.3	537.9	0.96	85
R	9872505	9872513	10	971.0	530.1	978.6	531.8	0.38	47
R	9874647	9874659	14	990.2	536.1	977.1	538.0	0.64	59
R	9879965	9879973	10	976.8	525.8	987.2	527.9	0.51	63
R	9880935	9880943	10	979.6	534.2	972.0	534.7	0.37	46
R	9882379	9882389	12	969.6	537.8	980.0	539.7	0.51	57
R	9883559	9883569	12	981.3	536.9	969.5	532.3	0.62	62
R	9886403	9886413	12	996.1	541.1	981.9	537.6	0.71	72
R	9892509	9892519	12	980.4	528.3	971.0	525.0	0.48	49
R	9897205	9897239	36	992.0	534.6	1102.4	620.5	7.00	404
R	9897409	9897449	42	1104.7	623.5	1084.9	461.7	8.31	360
R	9897713	9897821	110	1077.9	442.5	1061.3	623.6	9.04	445
R	9897893	9898039	148	1051.9	599.9	1054.8	656.1	2.90	519
R	9898265	9898315	52	1042.5	605.8	1059.8	446.3	7.71	238
R	9898505	9898555	52	1054.1	436.5	682.9	433.1	15.80	503
R	9898759	9898801	44	700.0	432.5	950.6	424.0	10.63	502
R	9898963	9898995	34	958.3	426.5	970.2	307.3	5.21	286
R	9899351	9899383	34	977.6	297.5	1044.7	410.3	5.66	293
R	9899677	9899699	24	1059.0	434.9	973.2	435.4	3.79	270
R	9904787	9904795	10	975.7	525.7	984.4	527.8	0.44	55
R	9909429	9909439	12	969.5	529.6	979.2	530.7	0.48	49
R	9909785	9909793	10	980.2	537.9	973.3	535.0	0.37	46
R	9911295	9911309	16	985.1	545.9	1002.1	542.9	0.85	68
R	9918417	9918429	14	985.8	532.3	1003.3	532.1	0.85	77
R	9922043	9922051	10	990.5	527.3	999.3	526.5	0.43	54
R	9925389	9925403	16	997.6	519.7	982.2	514.2	0.79	58
R	9930125	9930141	18	961.6	519.8	985.5	517.7	1.15	86
R	9932585	9932595	12	971.0	502.3	982.9	503.8	0.57	61
R	9939977	9939989	14	974.3	520.1	989.9	520.3	0.75	69
R	9940171	9940181	12	990.4	522.6	978.0	523.4	0.59	61
R	9941507	9941517	12	969.7	510.7	983.1	514.1	0.66	68
R	9944167	9944175	10	986.7	511.7	994.2	513.6	0.37	48
R	9944703	9944713	12	990.0	516.7	979.8	517.1	0.49	51
R	9947177	9947187	12	986.5	514.7	976.7	511.9	0.49	50
R	9950769	9950781	14	974.0	520.3	987.9	522.6	0.68	58
R	9952535	9952543	10	979.3	533.9	978.6	526.4	0.39	46
R	9953337	9953349	14	978.8	525.0	992.4	523.9	0.65	62
R	9963997	9964007	12	966.2	517.2	976.1	520.8	0.51	52
R	9966171	9966181	12	990.1	522.5	980.2	519.6	0.50	51
R	9970597	9970605	10	970.8	521.0	961.6	517.8	0.47	60
R	9972607	9972623	18	971.6	531.2	993.2	525.4	1.08	73
R	9978049	9978059	12	989.5	513.1	999.5	514.2	0.48	50
R	9978673	9978683	12	1003.1	512.6	992.5	512.4	0.50	52
R	9995641	9995651	12	998.7	517.5	987.4	511.7	0.61	64
R	9997127	9997139	14	981.6	510.5	996.1	514.8	0.72	64
R	10001665	10001675	12	982.3	515.0	993.6	514.7	0.54	58
R	10001781	10001793	14	987.7	512.4	972.1	514.6	0.75	70
R	10002327	10002335	10	975.9	517.8	983.6	516.8	0.37	44
R	10004587	10004595	10	982.9	512.1	991.8	511.4	0.42	53
R	10005331	10005341	12	992.5	504.3	982.6	501.0	0.50	54
R	10005855	10005863	10	979.5	502.5	987.1	501.7	0.36	47
R	10015723	10015733	12	982.3	511.4	970.4	508.9	0.58	59
R	10015833	10015845	14	977.4	514.1	998.0	513.3	0.98	87
R	10016393	10016401	10	978.4	518.6	971.6	515.4	0.36	45
R	10027303	10027313	12	966.4	547.1	974.4	542.0	0.47	48
R	10033837	10033847	12	982.1	537.2	992.7	538.4	0.52	52
R	10034049	10034057	10	996.0	533.4	986.9	534.6	0.44	55
R	10045131	10045143	14	977.7	511.5	991.6	510.5	0.66	61
R	10048335	10048347	14	975.5	523.8	987.8	517.0	0.68	63
R	10048823	10048831	10	989.4	517.7	997.0	517.9	0.36	47
R	10050245	10050397	154	957.9	530.2	955.0	529.1	0.15	2687
R	10050725	10050755	32	937.6	502.7	986.3	463.6	3.00	167
R	10050831	10050865	36	979.9	462.2	1115.2	454.5	6.36	332
R	10051155	10051301	148	1115.2	443.8	1029.6	620.6	9.82	1841
R	10051405	10051557	154	1021.4	599.0	995.7	623.4	1.78	1462
R	10051719	10051771	54	988.8	598.1	610.8	801.0	19.92	734
R	10052031	10052079	50	614.8	822.1	905.7	793.9	13.19	547
R	10052303	10052357	56	906.1	782.0	1213.4	728.6	14.84	479
R	10052507	10052519	14	1201.3	741.1	1197.0	750.3	0.53	54
R	10052573	10052619	48	1203.8	730.8	1457.1	777.6	11.74	446
R	10052843	10052913	72	1461.0	776.7	902.6	383.8	30.61	806
R	10053059	10053093	36	894.7	365.6	869.6	251.7	4.92	232
R	10053329	10053387	60	865.1	238.8	779.3	671.1	19.65	683
R	10053525	10053533	10	764.4	685.6	770.3	691.4	0.40	50
R	10053579	10053609	32	766.2	683.4	749.2	601.2	4.17	219
R	10053715	10053837	124	740.4	603.1	826.3	537.3	4.99	1689
R	10054085	10054123	40	832.9	500.3	747.2	381.6	6.66	294
R	10054431	10054479	50	744.3	379.9	997.8	328.9	11.22	443
R	10054659	10054689	32	997.8	326.9	935.3	226.2	4.89	258
R	10054989	10055015	28	919.8	219.8	847.4	212.3	3.02	176
R	10055383	10055417	36	845.2	218.6	785.0	344.8	5.69	323
R	10055687	10055735	50	797.5	383.6	1027.8	431.7	10.57	340
R	10055791	10056303	514	1046.0	431.5	718.7	240.2	16.23	533
R	10056617	10056665	50	702.0	127.1	999.0	245.1	12.64	519
R	10056839	10058515	1678	1015.1	264.0	956.0	383.2	5.60	1473
R	10058671	10058699	30	949.5	356.6	939.9	264.2	3.85	225
R	10059029	10246059	187032	954.8	243.2	1137.0	447.2	11.07	114
R	10246301	10246329	30	1124.9	445.5	1042.5	467.3	3.53	202
R	10246773	10246799	28	1042.8	495.5	998.5	549.6	3.02	199
R	10247197	10247205	10	1017.5	542.0	1009.6	551.3	0.53	65
R	10247427	10247557	132	1011.6	558.7	1055.6	529.2	2.24	1987
R	10247721	10247779	60	1079.8	528.0	1073.1	640.1	5.01	428
R	10247905	10247915	12	1079.6	623.1	1080.2	639.1	0.72	73
R	10247981	10248053	74	1082.4	628.4	837.8	626.7	10.02	451
R	10248219	10251361	3144	841.6	636.9	1200.3	479.5	15.91	637
R	10322985	10322993	10	958.3	519.8	950.3	517.1	0.38	54
R	10325553	10325565	14	942.0	509.3	946.9	521.1	0.60	52
R	10325805	10325815	12	947.3	528.2	934.4	529.0	0.58	63
R	10325973	10325985	14	941.1	524.8	959.9	528.4	0.86	78
R	10326313	10326327	16	964.9	520.9	944.8	520.8	0.91	76
R	10341139	10341151	14	965.6	529.2	948.1	533.2	0.82	72
R	10344447	10344455	10	973.7	528.1	965.2	528.5	0.39	48
R	10366427	10366435	10	967.2	526.9	960.1	526.4	0.33	41
R	10367203	10367211	10	960.1	537.2	968.3	534.6	0.40	48
R	10384077	10384171	96	949.1	537.1	633.8	1170.4	33.98	1165
R	10385703	10385723	22	949.7	518.9	983.0	522.8	1.56	106
R	10386019	10386033	16	978.8	514.5	962.1	511.3	0.79	64
R	10392685	10392693	10	948.1	520.4	942.2	526.7	0.41	51
R	10401233	10401241	10	953.3	525.6	961.2	524.9	0.37	46
R	10407197	10407209	14	937.1	513.6	944.7	525.3	0.67	58
R	10409775	10409785	12	953.0	530.5	943.5	527.1	0.47	48
R	10411025	10411033	10	943.3	514.6	951.1	518.2	0.40	50
R	10412413	10412423	12	953.4	530.0	965.3	531.8	0.56	57
R	10413911	10413919	10	955.6	513.5	948.7	521.1	0.49	63
R	10414795	10414803	10	942.7	526.8	951.3	526.8	0.40	53
R	10416773	10416781	10	955.9	516.8	947.0	519.6	0.43	54
R	10417633	10417641	10	950.2	528.9	958.7	529.7	0.40	51
R	10422449	10422459	12	969.1	526.1	958.9	525.5	0.48	49
R	10440991	10441005	16	945.3	515.3	961.0	519.0	0.75	59
R	10441269	10441279	12	963.4	517.3	953.4	521.2	0.50	51
R	10449591	10449601	12	964.2	517.8	953.8	520.4	0.50	54
R	10450469	10450495	28	953.7	524.5	945.6	570.6	2.33	156
R	10450575	10450623	50	947.2	564.1	901.5	284.5	12.90	473
R	10450823	10450871	50	865.9	259.0	1133.6	256.1	11.22	417
R	10450999	10451027	30	1130.0	252.4	1225.3	257.2	4.00	220
R	10451159	10451271	114	1231.2	267.2	713.2	447.6	23.16	1655
R	10451459	10451505	48	709.5	409.2	995.0	394.8	12.35	468
R	10451599	10451643	46	996.6	392.2	1192.4	413.6	8.74	357
R	10451819	10451851	34	1187.0	403.7	1077.8	390.3	4.86	262
R	10451993	10452037	46	1066.0	386.8	864.6	557.0	12.02	528
R	10452187	10452215	30	857.5	559.0	944.9	557.4	3.91	224
R	10452361	10452421	62	951.3	569.9	623.8	785.1	17.44	701
R	10452591	10452655	66	616.6	782.0	1069.7	763.8	19.38	505
R	10452811	10452865	56	1067.0	762.1	1476.1	768.4	17.08	604
R	10453075	10453099	26	1467.9	764.4	1388.6	760.0	3.16	190
R	10453151	10492933	39784	1371.4	749.0	923.1	437.3	23.37	291
R	10493121	10493159	40	890.6	421.8	1102.3	418.0	8.80	453
R	10493501	10493537	38	1105.4	415.7	941.7	465.3	7.19	371
R	10493737	10493763	28	930.1	475.1	967.3	433.5	2.45	133
R	10494155	10494183	30	983.9	431.0	1068.7	425.7	3.53	179
R	10494471	10494617	148	1088.1	437.6	1002.5	418.1	3.61	3222
R	10494851	10494877	28	1013.3	429.3	1080.8	428.0	2.92	172
R	10495291	10495333	44	1084.8	406.6	934.8	598.0	10.39	521
R	10495541	10495597	58	937.2	607.8	732.6	591.1	8.84	435
R	10495689	10495831	144	722.3	593.5	879.5	637.8	7.01	2118
R	10496119	10496185	68	878.5	611.6	438.1	832.6	20.04	727
R	10496379	10496427	50	432.6	826.8	835.6	775.5	15.95	674
R	10496581	10496639	60	836.6	779.2	1398.2	799.1	23.37	799
R	10496903	10496953	52	1394.6	795.9	1163.0	1122.9	18.23	793
R	10497223	10497283	62	1156.6	1128.7	826.6	770.1	22.70	787
R	10497527	10497575	50	837.0	757.7	472.8	790.7	15.36	597
R	10497745	10500397	2654	477.6	800.7	969.8	659.0	21.61	1545
R	10500613	10501303	692	925.2	658.5	886.0	592.9	3.58	2232
R	10501623	10501661	40	881.9	573.9	1067.4	505.2	8.62	428
R	10514995	10515005	12	953.3	519.9	941.1	521.8	0.54	54
R	10516205	10516215	12	940.2	521.2	951.7	524.0	0.52	54
R	10523357	10523365	10	956.3	521.9	947.4	527.1	0.46	56
R	10532315	10532393	80	953.3	530.3	965.6	553.2	1.22	460
R	10541077	10541087	12	935.7	512.8	945.7	520.6	0.57	58
R	10542915	10542925	12	943.8	525.4	932.6	525.1	0.50	55
R	10544007	10544019	14	933.3	513.6	950.2	518.6	0.79	66
R	10548003	10548013	12	946.7	525.4	935.3	528.5	0.53	56
R	10554859	10554869	12	939.9	502.6	951.7	508.8	0.60	62
R	10569983	10569991	10	945.0	509.9	953.0	513.2	0.39	48
R	10577397	10577411	16	954.2	521.1	934.3	520.0	0.88	69
R	10578225	10578233	10	932.4	524.4	942.9	523.9	0.47	59
R	10579533	10579541	10	945.3	513.2	935.2	515.8	0.46	57
R	10583363	10583373	12	940.1	516.0	953.1	513.7	0.58	60
R	10590217	10590227	12	939.7	520.7	951.3	520.0	0.51	54
R	10591023	10591031	10	947.5	515.8	936.1	513.7	0.51	62
R	10602155	10602163	10	937.9	507.0	939.5	514.4	0.35	44
R	10703139	10703147	10	979.9	546.8	971.4	545.3	0.39	47
R	10711841	10711849	10	1005.0	540.6	996.2	539.4	0.40	50
R	10716841	10716853	14	1005.9	535.3	991.0	531.3	0.70	61
R	10717501	10717527	28	995.3	532.4	959.2	491.2	2.53	141
R	10717635	10717679	46	954.8	484.8	1114.4	448.9	7.21	241
R	10717877	10717903	28	1101.5	447.6	1172.1	452.7	3.10	181
R	10718015	10718055	42	1174.2	445.5	1100.2	622.1	9.09	424
R	10718151	10718295	146	1091.0	624.8	1032.6	670.0	3.52	2216
R	10718375	10718413	40	1022.0	643.3	975.8	821.8	9.35	469
R	10718555	10718607	54	966.0	844.3	1093.4	792.2	6.50	222
R	10718663	10718677	16	1096.2	806.3	1101.4	793.8	0.69	84
R	10718759	10718821	64	1095.0	794.1	453.1	851.0	26.89	745
R	10718891	10719029	140	449.0	859.5	912.5	305.0	30.60	549
R	10719205	10719227	24	897.2	272.3	959.1	270.1	2.54	174
R	10719287	10721171	1886	966.1	282.6	1037.8	598.2	14.52	1174
R	10726747	10726759	14	972.4	512.3	955.8	508.6	0.77	70
R	10727781	10727793	14	962.3	517.4	980.5	520.3	0.84	75
R	10729813	10729821	10	981.0	515.8	972.7	515.4	0.38	48
R	10750299	10750313	16	1011.4	527.0	994.6	524.8	0.77	66
R	10760941	10760953	14	999.6	527.8	1014.7	530.6	0.70	65
R	10763977	10763989	14	1001.3	518.2	1015.7	517.7	0.65	58
R	10766135	10766147	14	1000.3	514.7	987.6	521.0	0.65	61
R	10767027	10767039	14	992.9	518.3	1009.6	518.3	0.76	66
R	10774571	10774579	10	996.1	513.4	1003.5	514.3	0.34	47
R	10781053	10781071	20	996.7	522.0	1025.8	527.1	1.34	96
R	10782901	10782911	12	993.7	522.4	1006.4	525.0	0.59	64
R	10783131	10783147	18	1007.0	516.7	985.0	519.1	1.00	80
R	10791201	10791213	14	999.0	510.2	1012.0	514.7	0.62	60
R	10795585	10795599	16	978.7	518.7	999.8	517.0	0.95	79
R	10804305	10804317	14	1004.9	504.0	990.2	503.5	0.66	60
R	10841565	10841577	14	1001.9	529.3	989.4	527.2	0.57	54
R	10847349	10847359	12	998.6	518.2	983.1	516.8	0.70	70
R	10852603	10852615	14	1012.3	512.9	995.2	515.5	0.78	72
R	10856057	10856065	10	1011.9	522.7	1003.3	529.1	0.50	61
R	10862783	10862791	10	1004.7	527.2	996.5	530.5	0.40	53
R	10867359	10867367	10	1008.4	519.5	1017.3	522.3	0.42	53
R	10867827	10867839	14	1023.3	517.3	1011.4	517.9	0.54	50
R	10868173	10868183	12	1003.5	525.2	991.1	523.7	0.57	56
R	10868969	10868981	14	981.7	516.6	996.6	520.7	0.70	66
R	10876643	10876651	10	991.0	518.0	998.3	519.4	0.33	43
R	10880085	10880095	12	975.3	518.7	987.5	518.8	0.55	58
R	10880333	10880343	12	988.7	517.0	976.7	516.6	0.54	62
R	10880741	10880753	14	976.3	522.5	990.6	526.8	0.68	62
R	10888339	10888349	12	982.0	515.7	996.3	517.0	0.64	68
R	10891565	10891587	24	995.0	526.9	983.4	482.1	2.20	130
R	10891677	10891715	40	970.7	473.0	1093.9	443.4	5.60	223
R	10891803	10891959	158	1094.1	444.5	1178.8	468.5	3.89	2731
R	10891993	10892155	164	1166.2	458.9	983.7	619.3	11.26	2721
R	10892189	10892367	180	979.9	612.4	1032.8	608.7	2.43	1811
R	10892403	10892611	210	1026.0	593.1	928.4	815.3	12.17	1814
R	10892641	10892649	10	927.3	812.4	927.1	802.1	0.54	65
R	10892753	10892807	56	937.5	795.3	1061.1	508.8	15.44	554
R	10892935	10892959	26	1054.8	499.0	1051.0	440.4	2.76	175
R	10893077	10893227	152	1051.1	432.6	1137.3	428.8	3.77	577
R	10893371	10893417	48	1131.1	397.6	933.8	247.3	10.30	358
R	10893529	10895487	1960	914.7	208.7	991.9	437.4	9.96	954
R	10895619	10895627	10	983.4	421.3	983.0	413.1	0.37	46
R	10895723	10895753	32	993.8	421.9	1106.8	423.6	4.89	280
R	10895777	10895915	140	1104.8	429.7	1122.2	480.7	2.46	403
R	10895965	10899901	3938	1111.2	449.5	1283.8	885.1	22.45	1190
R	10904023	10904397	376	975.2	511.9	.	.	6.5e+06	2384
R	10911443	10911457	16	974.9	533.7	999.8	532.8	1.14	93
R	10915069	10915083	16	999.7	513.2	983.9	520.0	0.79	62
R	10915825	10915837	14	992.5	524.5	1005.5	523.8	0.59	53
R	10923371	10923381	12	987.8	530.7	997.6	528.8	0.46	49
R	10932853	10932863	12	1002.0	511.9	990.7	519.5	0.64	65
R	10935641	10935651	12	997.2	521.5	986.3	523.6	0.51	52
R	10958307	10958315	10	997.0	511.9	989.7	506.3	0.43	54
R	10963131	10963139	10	990.2	528.9	998.1	529.2	0.36	47
R	10970451	10970465	16	965.6	528.4	983.6	526.1	0.83	74
R	10977283	10977295	14	967.0	519.5	981.8	519.9	0.67	62
R	10978405	10978413	10	986.9	521.8	995.9	522.2	0.41	54
R	10978641	10978649	10	1002.6	523.9	993.9	522.8	0.40	51
R	11020139	11020151	14	990.1	557.1	977.0	553.1	0.65	56
R	11023779	11023787	10	991.8	544.3	1000.1	543.8	0.39	49
R	11026661	11026773	114	993.3	539.4	.	.	7.0e+06	1560
R	11033741	11033757	18	966.4	537.6	983.7	538.8	0.81	69
R	11038751	11038759	10	998.5	526.9	1004.9	532.7	0.42	57
R	11040333	11040341	10	1002.5	530.5	1009.4	534.0	0.37	47
R	11040689	11040699	12	1012.9	540.4	1002.0	538.6	0.53	55
R	11046059	11046075	18	997.0	528.7	980.2	531.1	0.80	62
R	11055821	11055835	16	1008.3	509.6	984.6	510.4	1.11	89
R	11059459	11059469	12	996.5	513.5	982.1	517.5	0.71	74
R	11060309	11060337	30	971.8	527.9	1033.1	519.0	2.92	191
R	11060465	11060497	34	1023.2	522.6	1141.5	478.3	5.96	308
R	11060595	11060747	154	1157.2	477.5	1116.1	451.0	2.29	2665
R	11060823	11060963	142	1109.6	438.6	1057.3	610.2	8.88	2337
R	11061053	11061253	202	1042.6	603.7	1073.6	513.3	4.78	1796
R	11061337	11061369	34	1058.6	483.4	1095.9	415.6	3.60	154
R	11061455	11061601	148	1101.0	423.0	920.9	292.2	9.67	574
R	11061713	11061913	202	922.6	264.7	1140.8	810.7	26.87	1652
R	11061959	11065559	3602	1128.3	809.3	1021.1	614.5	11.37	182
R	11065821	11065963	144	1011.3	598.4	1004.8	778.1	9.56	1581
R	11066067	11066135	70	990.8	781.2	1212.9	762.9	10.77	378
R	11066289	11066333	46	1218.0	759.8	1447.9	772.8	10.47	432
R	11066483	11066545	64	1448.1	780.5	982.8	484.1	25.28	783
R	11072269	11072281	14	987.6	504.7	968.8	504.7	0.87	74
R	11073281	11073289	10	971.2	506.6	979.0	508.4	0.37	45
R	11078617	11078625	10	988.1	501.5	981.2	495.4	0.44	53
R	11091701	11091711	12	981.5	498.7	968.6	499.1	0.59	60
R	11099575	11099631	58	703.8	337.9	942.5	504.0	12.77	510
R	11099859	11099881	24	929.5	495.7	967.9	510.0	1.88	128
R	11101541	11101583	44	940.8	505.5	723.2	488.7	9.56	397
R	11101635	11101643	10	730.3	495.3	731.8	487.4	0.38	50
R	11101785	11101833	50	739.8	479.8	981.4	493.2	10.64	426
R	11101923	11101957	36	984.0	491.2	1147.3	493.3	7.42	400
R	11135433	11135441	10	987.6	538.8	978.9	540.0	0.40	50
R	11140009	11140023	16	977.5	539.1	1000.3	538.7	1.04	82
R	11141359	11141373	16	996.7	545.1	978.0	542.9	0.86	71
R	11145613	11145627	16	985.4	542.7	1006.8	542.9	0.99	82
R	11150365	11150375	12	982.3	540.5	995.1	542.6	0.60	61
R	11156255	11156275	22	998.0	525.0	993.3	547.4	1.14	83
R	11159211	11159219	10	1002.8	538.4	994.9	540.3	0.38	49
R	11163323	11163337	16	1007.7	531.8	988.7	527.9	0.90	73
R	11164163	11164173	12	983.0	531.3	992.7	537.6	0.54	58
R	11172265	11172275	12	999.3	538.3	1010.5	535.1	0.54	57
R	11172639	11172651	14	1012.0	537.9	998.7	538.6	0.62	54
R	11175535	11175543	10	1011.3	548.6	1004.3	553.6	0.41	50
R	11176723	11176735	14	980.5	555.3	996.0	553.9	0.72	66
R	11181227	11181237	12	1004.6	552.7	996.7	545.5	0.52	54
R	11185951	11185963	14	978.0	531.0	993.5	534.4	0.74	67
R	11187281	11187289	10	994.7	538.7	985.9	542.1	0.44	55
R	11190077	11190085	10	993.2	545.5	984.8	542.9	0.41	54
R	11198273	11198285	14	996.6	550.2	1008.4	551.6	0.56	49
R	11213987	11213999	14	976.3	546.9	990.5	549.3	0.68	63
R	11216241	11216249	10	983.2	535.9	974.6	535.4	0.40	48
R	11217759	11217767	10	992.9	538.8	999.7	536.5	0.34	43
R	11218439	11218449	12	1006.0	549.7	993.1	550.2	0.61	63
R	11219363	11219625	264	.	.	1004.9	555.0	7.1e+06	2087
R	11219957	11219967	12	991.3	539.9	979.4	547.3	0.67	69
R	11228005	11228015	12	992.9	533.3	1004.1	532.3	0.53	53
R	11236581	11236591	12	976.2	533.7	966.3	528.7	0.53	55
R	11253139	11253175	38	999.2	548.7	1111.5	615.1	6.24	318
R	11253321	11253361	42	1108.7	615.9	1114.9	489.9	6.31	287
R	11253469	11253489	22	1099.4	491.8	1115.3	460.0	1.68	109
R	11253667	11253709	44	1113.9	457.4	1115.3	291.5	7.24	290
R	11253935	11253991	58	1103.1	267.4	683.0	281.5	16.42	485
R	11254187	11254235	50	689.1	288.2	880.8	530.0	12.78	470
R	11254301	11254317	18	876.7	531.5	878.5	545.8	0.67	60
R	11254369	11254399	32	875.7	526.8	959.7	620.4	5.75	346
R	11254505	11254517	14	978.8	638.1	979.3	628.6	0.47	78
R	11254639	11254685	48	979.6	632.5	727.1	630.3	10.95	410
R	11254851	11254911	62	730.4	620.4	1074.4	607.1	15.00	557
R	11255179	11255223	46	1075.3	595.7	1110.0	452.3	6.94	210
R	11255487	11255495	10	1119.2	431.1	1120.0	440.7	0.43	59
R	11255567	11255871	306	1124.1	436.4	1061.6	803.2	18.12	1121
R	11255953	11256021	70	1077.7	790.6	1068.3	805.9	0.95	99
R	11256061	11257141	1082	1067.8	779.6	1105.4	430.3	17.04	663
R	11257439	11257925	488	1101.0	411.7	1138.3	420.3	1.61	599
R	11258239	11258285	48	1141.8	431.1	1234.6	288.7	6.93	282
R	11258567	11258619	54	1243.4	283.9	868.3	238.2	14.81	474
R	11258847	11258883	38	861.4	241.7	1025.9	255.2	6.55	305
R	11259057	11259091	36	1041.0	266.3	1208.7	287.0	6.84	341
R	11259309	11259533	226	1224.2	298.3	1058.1	921.8	29.39	1698
R	11259615	11259635	22	1045.6	917.6	1042.9	891.4	1.40	121
R	11259695	11259751	58	1043.0	904.1	780.9	853.9	12.53	429
R	11259783	11259795	14	789.6	849.4	786.8	864.2	0.78	76
R	11259967	11260019	54	792.7	859.8	445.9	876.1	14.63	477
R	11260185	11267177	6994	458.2	885.8	571.1	290.5	26.83	664
R	11267221	11269261	2042	568.0	288.6	977.7	643.9	23.87	1678
R	11269551	11269583	34	963.9	607.7	1041.0	650.9	4.30	248
R	11269767	11269799	34	1045.0	647.3	968.7	567.5	5.50	310
R	11269967	11269979	14	959.8	564.5	966.0	548.2	0.88	78
R	11286619	11286629	12	978.4	547.5	988.8	550.0	0.51	52
R	11295681	11295691	12	1004.6	552.6	1012.2	547.0	0.47	50
R	11299767	11299777	12	1007.4	532.7	1020.3	532.4	0.61	63
R	11302667	11302679	14	1007.6	536.1	1021.5	536.5	0.66	61
R	11302871	11302879	10	1019.9	541.1	1009.9	541.5	0.48	60
R	11310427	11310437	12	994.8	562.4	1005.2	562.1	0.50	50
R	11310743	11310763	22	1000.7	562.0	1032.7	555.5	1.57	102
R	11310877	11310889	14	1020.7	558.7	1001.3	557.3	0.94	84
R	11312319	11312335	18	1011.6	547.1	996.1	564.3	1.16	86
R	11317107	11317115	10	993.8	561.8	1002.0	561.3	0.40	49
R	11317441	11317449	10	1007.1	551.5	997.2	552.6	0.48	61
R	11318805	11318817	14	989.2	552.8	998.7	562.0	0.66	58
R	11325087	11325105	20	986.9	554.8	1010.1	556.2	1.08	72
R	11351729	11351739	12	1000.0	553.4	988.5	556.4	0.55	60
R	11352555	11352567	14	977.9	558.2	994.7	555.4	0.78	69
R	11356595	11356609	16	979.6	544.9	1001.3	542.9	1.00	76
R	11356851	11356859	10	1007.0	537.8	997.8	537.8	0.42	53
R	11358241	11358251	12	994.8	547.1	983.1	551.8	0.59	61
R	11362261	11362291	32	993.7	547.4	982.8	555.6	0.65	60
R	11370235	11370245	12	997.4	544.4	985.6	543.5	0.55	56
R	11374129	11374139	12	985.0	541.8	975.7	547.5	0.52	52
R	11387571	11387581	12	996.1	552.5	982.9	551.4	0.62	65
R	11396617	11396627	12	985.6	552.6	995.0	557.6	0.51	52
R	11397919	11397929	12	991.6	559.7	981.4	558.6	0.48	50
R	11397959	11397971	14	989.1	559.7	1009.5	560.7	0.96	87
R	11398103	11398115	14	1009.1	559.2	991.1	558.7	0.85	76
R	11398919	11398933	16	989.4	557.4	973.4	556.7	0.75	65
R	11421167	11421177	12	984.0	540.5	971.9	542.8	0.57	62
R	11422981	11422995	16	982.0	535.7	1001.5	538.4	0.92	74
R	11423759	11423773	16	1012.8	548.6	986.6	543.9	1.25	96
R	11425085	11425105	22	989.8	549.3	1003.6	509.4	2.09	131
R	11425165	11425335	172	1016.3	495.1	1127.9	482.3	5.17	2278
R	11425393	11425545	154	1120.6	460.0	1157.9	459.2	1.70	505
R	11425591	11425991	402	1152.3	449.1	1025.9	602.2	9.57	425
R	11426033	11426435	404	1023.7	583.7	893.6	650.1	7.00	1288
R	11426465	11426807	344	889.6	642.3	912.7	500.0	7.23	1251
R	11426847	11427167	322	905.8	488.6	859.9	524.3	2.72	656
R	11427221	11429519	2300	859.0	517.2	1002.5	421.9	7.93	799
R	11429613	11429661	50	979.5	406.3	1057.4	657.4	12.88	482
R	11429817	11429843	28	1042.1	657.2	1066.6	594.3	3.46	211
R	11429947	11429965	20	1066.8	589.7	1067.4	595.9	0.32	58
R	11430023	11430063	42	1063.4	594.8	979.6	432.5	8.89	404
R	11430315	11430347	34	969.8	417.9	1080.9	426.7	5.04	262
R	11430749	11430921	174	1080.0	426.0	993.4	537.9	6.71	609
R	11436651	11436981	332	990.3	557.1	996.3	584.2	1.41	1686
R	11438797	11438805	10	968.2	558.8	976.7	562.2	0.43	54
R	11439869	11439877	10	987.0	553.9	979.2	553.0	0.37	46
R	11444021	11444029	10	982.2	556.2	989.0	559.7	0.37	46
R	11444787	11445053	268	988.3	562.1	983.3	581.7	1.03	1740
R	11451509	11451529	22	987.6	550.6	1018.4	553.0	1.44	94
R	11451825	11451841	18	1016.7	549.5	989.5	548.3	1.27	93
R	11459507	11459521	16	1006.3	553.1	985.2	548.9	1.00	81
R	11459833	11459841	10	995.3	539.0	1005.4	538.6	0.47	58
R	11462785	11462799	16	1005.2	545.3	985.7	544.5	0.90	76
R	11469135	11469281	148	992.9	537.5	998.8	562.6	1.28	2249
R	11470959	11470971	14	1003.0	539.5	989.7	538.5	0.61	55
R	11471971	11471987	18	995.4	551.1	1017.2	544.1	1.07	79
R	11472823	11472839	18	1019.8	531.8	990.3	537.7	1.39	104
R	11474499	11474507	10	994.5	543.5	984.7	543.7	0.45	55
R	11474827	11474837	12	982.3	540.4	992.7	545.3	0.53	53
R	11477173	11477181	10	973.6	549.0	983.2	547.1	0.45	55
R	11485103	11485113	12	997.6	535.9	1011.1	536.7	0.62	62
R	11485383	11485393	12	1012.4	535.2	999.5	536.3	0.59	61
R	11487835	11487843	10	984.9	545.6	993.9	546.9	0.42	53
R	11489805	11489815	12	995.3	539.8	981.3	538.2	0.64	65
R	11491683	11491695	14	985.9	542.6	997.3	550.2	0.64	54
R	11491823	11491835	14	997.3	544.5	981.3	546.7	0.74	67
R	11503435	11503445	12	973.5	539.2	985.7	539.9	0.56	58
R	11513469	11513477	10	965.7	536.7	968.6	528.0	0.45	54
R	11515367	11515375	10	987.7	529.4	976.6	527.8	0.51	64
R	11521125	11521135	12	986.6	529.7	1001.1	529.5	0.66	66
R	11524831	11525059	230	998.0	551.4	922.1	817.2	13.97	2587
R	11527583	11527593	12	969.4	544.6	961.4	535.7	0.57	65
R	11529583	11529599	18	1005.9	547.3	982.1	544.6	1.10	82
R	11530913	11530921	10	995.8	541.5	990.9	547.8	0.38	47
R	11540573	11540701	130	997.2	554.5	1008.2	574.8	1.13	2518
R	11541365	11541377	14	990.6	548.8	1005.6	551.3	0.70	63
R	11544267	11544279	14	989.6	545.6	973.6	546.9	0.73	69
R	11548237	11548257	22	995.4	547.9	960.5	554.7	1.63	102
R	11548379	11548403	26	967.1	554.8	1004.4	552.5	1.71	104
R	11549119	11549131	14	988.3	547.3	972.2	538.0	0.87	79
R	11552179	11552191	14	984.5	553.0	977.9	540.1	0.70	63
R	11555711	11555721	12	983.5	552.3	972.2	551.5	0.52	52
R	11555761	11555779	20	972.9	553.6	1001.1	551.3	1.29	94
R	11555887	11555903	18	990.8	552.8	969.5	550.0	0.98	80
R	11562719	11562731	14	989.1	545.2	973.5	541.1	0.74	66
R	11568371	11568403	34	960.0	541.9	1062.2	527.4	4.71	250
R	11568453	11568601	150	1066.5	527.8	1153.2	476.8	4.64	2939
R	11568647	11568799	154	1145.4	457.2	1076.4	453.2	3.09	484
R	11568835	11569135	302	1069.1	433.1	1039.1	537.1	5.18	336
R	11569177	11571007	1832	1042.1	541.7	1019.4	332.8	9.77	696
R	11571049	11571439	392	1037.8	327.0	947.0	299.8	4.05	627
R	11571525	11571791	268	929.5	291.8	975.2	696.4	18.97	1407
R	11572023	11572067	46	916.3	663.9	698.9	800.3	11.95	543
R	11572283	11572345	64	691.8	825.0	931.7	486.6	19.70	600
R	11572815	11572843	30	933.1	471.8	997.6	458.1	2.95	162
R	11575355	11575365	12	967.0	555.5	979.6	557.9	0.59	63
R	11577321	11577329	10	978.8	544.0	984.7	551.1	0.44	56
R	11581799	11581809	12	979.2	541.9	968.2	535.4	0.59	60
R	11597725	11597733	10	995.9	532.8	986.6	534.1	0.43	53
R	11599785	11599795	12	990.5	546.3	978.5	542.5	0.58	57
R	11605219	11605227	10	997.5	536.7	1006.1	538.7	0.40	50
R	11620903	11620911	10	1004.1	513.6	994.3	517.8	0.48	64
R	11623521	11623537	18	991.7	543.2	1014.9	535.8	1.11	83
R	11623723	11623737	16	1013.2	528.0	993.0	523.9	0.93	70
R	11630125	11630135	12	984.4	542.0	995.5	537.4	0.55	57
R	11631051	11631061	12	996.4	554.4	982.8	552.7	0.62	67
R	11631377	11631385	10	990.3	552.0	987.6	543.8	0.42	53
R	11637889	11637899	12	977.1	533.5	988.9	527.6	0.60	60
R	11641783	11641793	12	997.6	529.9	987.6	535.0	0.51	51
R	11646493	11646503	12	997.1	543.5	987.7	535.1	0.59	58
R	11650163	11650181	20	967.2	530.2	978.0	539.1	0.65	57
R	11651325	11651335	12	986.2	529.2	997.5	535.6	0.60	60
R	11653681	11653689	10	975.2	524.2	975.7	532.0	0.38	50
R	11656203	11656211	10	964.7	541.9	975.4	543.4	0.49	60
R	11668223	11668233	12	1009.7	551.1	996.9	548.6	0.59	60
R	11673573	11673583	12	985.2	538.0	975.4	532.9	0.50	53
R	11674953	11674961	10	979.3	522.6	985.1	529.4	0.42	57
R	11676209	11676217	10	980.6	521.7	971.1	518.6	0.45	58
R	11678277	11678289	14	974.3	514.3	990.3	515.8	0.71	66
R	11682967	11682975	10	992.5	529.1	984.0	529.6	0.38	46
R	11684197	11684209	14	982.8	543.2	972.9	533.5	0.64	55
R	11685651	11685659	10	962.1	538.2	954.0	535.7	0.38	45
R	11685713	11685729	18	960.6	536.5	987.9	538.3	1.21	90
R	11687481	11687489	10	974.0	524.9	972.6	533.1	0.40	49
R	11689315	11689327	14	967.6	528.8	978.9	535.6	0.60	56
R	11693815	11693823	10	972.2	506.4	976.3	513.6	0.39	48
R	11697331	11697345	16	973.4	522.7	988.3	533.9	0.85	68
R	11697983	11697993	12	995.4	523.9	985.9	523.5	0.42	44
R	11698245	11698261	18	982.1	532.0	961.4	531.6	0.92	69
R	11699359	11699397	40	973.6	539.1	1002.7	527.1	1.41	88
R	11701375	11701385	12	979.6	511.2	980.3	521.5	0.49	53
R	11703083	11703095	14	973.4	530.7	988.9	531.6	0.69	62
R	11705615	11705625	12	990.7	531.3	977.1	529.8	0.61	61
R	11711909	11711919	12	973.7	514.4	987.0	520.0	0.65	69
R	11715477	11715485	10	986.4	518.8	994.0	520.4	0.35	42
R	11716405	11716417	14	969.0	523.3	953.7	521.6	0.68	60
R	11716473	11716495	24	953.7	515.3	996.0	516.6	1.87	116
R	11717093	11717109	18	990.4	529.5	964.5	527.9	1.15	95
R	11718353	11718551	200	981.0	544.3	969.9	365.7	8.30	1995
R	11718645	11718769	126	959.4	325.8	934.7	302.5	1.44	643
R	11718815	11718865	52	930.2	285.1	1112.7	391.4	9.04	390
R	11718913	11719135	224	1102.9	391.2	1093.1	430.2	1.85	410
R	11719227	11719407	182	1073.8	437.1	982.6	618.2	9.75	347
R	11719509	11719743	236	996.1	608.2	938.4	786.6	9.60	1318
R	11719797	11720007	212	943.2	774.3	1289.7	758.9	16.10	1417
R	11720089	11720599	512	1269.6	745.7	995.8	393.2	21.08	1066
R	11720863	11720895	34	997.9	380.3	938.1	299.0	4.39	204
R	11721083	11721129	48	920.5	303.8	746.5	452.3	9.82	346
R	11721317	11721357	42	755.2	460.4	953.1	420.8	8.69	416
R	11721685	11721723	40	958.3	414.7	1151.0	361.9	8.67	429
R	11733335	11733345	12	997.1	531.1	984.0	532.7	0.60	68
R	11740897	11740905	10	971.5	529.3	978.8	527.0	0.35	46
R	11749213	11749225	14	974.9	523.6	989.6	527.1	0.69	61
R	11765391	11765399	10	975.6	533.2	983.1	532.2	0.35	45
R	11772947	11772967	22	967.6	528.9	1005.3	529.8	1.74	116
R	11776097	11776109	14	966.9	528.1	984.4	526.7	0.81	73
R	11781555	11781571	18	978.0	529.2	1000.6	524.5	1.07	80
R	11781831	11781839	10	996.0	516.9	988.5	519.0	0.36	45
R	11783599	11783609	12	971.9	519.3	981.6	525.6	0.54	56
R	11785473	11785487	16	980.3	536.3	997.6	533.8	0.81	62
R	11789195	11789205	12	970.4	529.7	983.0	529.4	0.58	58
R	11790603	11790611	10	981.9	526.7	972.7	525.2	0.42	53
R	11795969	11795979	12	984.0	506.8	973.6	516.8	0.69	71
R	11798991	11799001	12	948.0	520.6	959.7	522.7	0.54	61
R	11801537	11801547	12	984.5	529.4	974.4	523.1	0.56	56
R	11805651	11805659	10	991.4	515.3	981.1	517.3	0.48	59
R	11807567	11807577	12	991.0	512.4	980.2	518.5	0.57	61
R	11811309	11811319	12	973.4	530.3	986.6	528.5	0.61	62
R	11814939	11814947	10	985.0	535.8	976.2	528.9	0.53	64
R	11815165	11815177	14	969.3	515.1	982.5	520.3	0.65	56
R	11816177	11816185	10	968.9	523.2	977.4	524.8	0.39	48
R	11816481	11816489	10	979.7	517.8	970.7	519.9	0.42	52
R	11816793	11816805	14	964.0	527.5	979.8	529.4	0.73	69
R	11818285	11818293	10	990.7	540.9	986.9	535.2	0.33	42
R	11825495	11825503	10	975.8	519.1	986.1	517.9	0.47	59
R	11826935	11826945	12	969.9	518.2	962.8	523.9	0.42	46
R	11827981	11827989	10	980.0	521.9	987.1	526.8	0.40	50
R	11831335	11831343	10	974.0	524.8	982.8	531.7	0.52	64
R	11832513	11832521	10	976.1	532.4	968.4	533.2	0.35	44
R	11839337	11839345	10	972.1	530.8	981.4	527.4	0.45	59
R	11851613	11851625	14	1014.9	515.7	995.7	517.8	0.86	79
R	11856955	11856971	18	991.2	522.0	964.9	522.0	1.17	86
R	11864215	11864259	46	982.0	521.9	1100.4	474.2	5.77	218
R	11864287	11864403	118	1115.0	441.1	1075.2	345.1	4.70	2575
R	11864497	11864593	98	1064.6	329.6	1108.0	302.1	2.18	546
R	11864691	11864725	36	1092.0	265.4	1250.1	279.5	6.48	333
R	11864961	11865023	64	1262.7	266.4	785.8	259.2	18.74	541
R	11865241	11865279	40	780.3	251.8	996.4	228.5	8.57	384
R	11865387	11865597	212	1040.6	234.0	909.1	727.3	22.29	1341
R	11865791	11865837	48	899.8	716.3	931.0	578.6	6.93	249
R	11865875	11865981	108	928.7	582.8	941.5	583.5	0.58	469
R	11866023	11866055	34	944.8	582.0	1041.5	572.3	4.37	220
R	11866223	11866259	38	1052.9	577.2	1071.9	436.7	6.65	310
R	11866483	11866645	164	1087.5	443.6	787.5	635.7	16.34	843
R	11866881	11866949	70	795.7	630.1	429.7	884.9	20.30	608
R	11867129	11867229	102	433.7	880.6	1048.5	784.0	27.92	654
R	11867421	11874489	7070	1047.2	773.0	1109.6	212.7	24.55	631
R	11874621	11874649	30	1083.5	235.4	1005.1	292.5	3.67	218
R	11874821	11874855	36	980.8	306.7	1042.0	441.1	6.20	333
R	11875245	11875273	30	1043.3	485.1	971.6	434.0	3.76	210
R	11875495	11875529	36	968.0	429.2	1103.0	428.2	5.73	314
R	11875979	11876007	30	1104.3	450.9	1023.2	469.4	3.54	230
R	11876311	11876361	52	1033.1	472.7	736.5	447.7	12.16	402
R	11876597	11876639	44	747.9	463.1	866.3	377.0	6.17	238
R	11876767	11877681	916	924.0	425.5	935.7	666.9	11.37	350
R	11877755	11877763	10	933.2	659.1	928.4	651.5	0.44	55
R	11877809	11877857	50	936.7	651.4	835.8	651.3	4.57	315
R	11878017	11878067	52	819.8	646.2	488.7	871.9	17.61	737
R	11878259	11878315	58	484.7	882.1	965.5	837.3	20.45	693
R	11878489	11878535	48	966.3	824.6	1272.7	820.2	13.93	553
R	11878751	11878791	42	1284.8	823.0	1499.6	803.5	9.23	413
R	11879015	11879045	32	1510.4	815.2	1386.6	814.8	5.20	332
R	11879261	11879325	66	1373.9	823.2	925.6	791.9	20.08	516
R	11879517	11880347	832	918.2	799.2	988.8	489.0	15.42	2592
R	11880765	11880805	42	975.2	470.0	958.0	537.4	3.26	216
R	11886161	11886171	12	992.3	569.8	980.9	570.7	0.52	53
R	11897353	11897363	12	996.0	555.6	985.6	557.8	0.51	54
R	11899837	11899849	14	993.2	542.8	994.6	555.9	0.68	62
R	11906639	11906651	14	1002.7	543.4	990.0	548.1	0.66	60
R	11914255	11914267	14	988.9	542.8	1006.2	547.3	0.88	78
R	11921037	11921045	10	975.7	548.3	984.0	549.3	0.41	50
R	11929403	11929411	10	999.8	555.0	991.7	553.8	0.40	49
R	11930943	11930953	12	982.9	541.7	994.9	541.3	0.59	60
R	11932457	11932465	10	993.9	541.8	986.3	538.3	0.42	53
R	11935891	11935901	12	996.7	541.8	984.0	539.3	0.64	64
R	11939651	11939663	14	987.8	521.4	1001.9	526.7	0.74	64
R	11945729	11945741	14	985.7	530.9	999.3	530.9	0.67	61
R	11946101	11946109	10	1009.0	531.0	1000.7	530.3	0.41	51
R	11950575	11950583	10	984.0	531.6	993.7	532.1	0.47	60
R	11958271	11958281	12	989.8	532.2	978.0	531.5	0.58	58
R	11961203	11961215	14	998.8	547.9	983.9	541.0	0.82	72
R	11963123	11963133	12	994.5	540.8	982.8	542.1	0.57	59
R	11967191	11967199	10	967.6	528.1	974.4	530.2	0.35	43
R	11969957	11969967	12	974.1	530.4	985.1	531.5	0.54	55
R	11971023	11971035	14	994.9	535.1	978.6	533.6	0.80	71
R	11974237	11974245	10	993.7	527.8	984.8	526.0	0.44	56
R	11975403	11975411	10	990.0	528.3	980.9	526.4	0.45	57
R	11976149	11976157	10	986.8	534.4	993.8	534.6	0.34	43
R	11978663	11978673	12	987.9	523.3	997.5	528.9	0.55	56
R	11982563	11982573	12	993.3	522.8	1001.7	528.2	0.50	52
R	11983047	11983055	10	993.8	527.6	985.2	524.8	0.44	55
R	11986187	11986197	12	973.5	530.9	984.2	530.0	0.52	54
R	11987865	11987877	14	974.7	531.5	962.8	523.5	0.71	63
R	11997137	11997147	12	979.8	534.4	990.6	533.0	0.54	60
R	11998677	11998685	10	974.6	526.1	964.7	524.9	0.49	60
R	12003651	12003659	10	976.1	527.9	969.9	523.4	0.39	48
R	12004501	12004509	10	956.0	532.4	963.8	534.0	0.39	49
R	12004961	12004969	10	967.8	523.8	958.9	525.6	0.45	55
R	12007471	12007483	14	956.5	542.7	968.2	536.7	0.66	61
R	12008627	12008635	10	980.0	523.7	987.2	526.8	0.39	48
R	12019727	12019739	14	975.7	521.1	992.3	523.1	0.82	70
R	12022243	12022253	12	970.7	521.3	980.4	520.3	0.48	49
R	12022507	12022519	14	973.4	522.7	961.0	523.5	0.61	54
R	12023207	12023257	52	950.1	540.4	1148.8	491.8	9.88	314
R	12023525	12023565	42	1152.5	448.5	1009.1	342.7	8.08	291
R	12023895	12024191	298	1025.0	371.2	1174.4	1008.6	30.87	1078
R	12024359	12027373	3016	1173.7	1011.9	1087.9	706.6	16.67	637
R	12027625	12027661	38	1058.1	658.9	914.3	633.8	6.86	337
R	12028061	12028115	56	898.9	616.3	1056.2	533.8	8.31	284
R	12031231	12031239	10	979.0	525.9	980.1	518.8	0.38	47
R	12032877	12032885	10	981.9	525.0	989.2	527.6	0.38	48
R	12035477	12035491	16	988.2	538.3	970.0	538.0	0.89	64
R	12042379	12042387	10	980.1	529.8	988.2	528.0	0.41	52
R	12050145	12050153	10	1000.0	524.6	991.1	523.0	0.45	55
R	12058265	12058273	10	980.2	522.9	987.5	523.4	0.36	45
R	12062949	12062957	10	988.7	522.9	979.3	523.2	0.47	57
R	12064867	12064875	10	984.9	516.5	992.2	519.7	0.40	50
R	12065185	12065193	10	990.9	522.1	981.9	519.2	0.47	59
R	12069719	12069731	14	974.2	514.2	989.9	519.5	0.83	75
R	12077933	12077943	12	965.9	528.8	975.7	533.6	0.56	58
R	12080163	12080175	14	989.8	526.9	976.1	529.5	0.70	62
R	12083685	12083693	10	980.5	529.0	988.8	532.7	0.46	56
R	12083913	12083939	28	989.6	533.9	969.6	529.5	1.04	81
R	12084425	12084679	256	989.6	533.9	969.6	529.5	1.03	0
R	12085759	12086915	1158	984.0	505.4	984.0	505.4	0.00	30
R	12087513	12090151	2640	.	.	.	.	0.00	0
R	12094363	12094377	16	976.1	526.5	994.8	527.6	0.93	75
R	12098605	12098613	10	979.7	521.6	971.2	521.5	0.42	52
R	12099459	12099467	10	975.3	532.4	984.2	531.1	0.44	55
R	12102827	12102835	10	980.5	532.8	988.1	533.1	0.37	50
R	12108441	12108449	10	983.7	523.5	991.4	524.1	0.38	47
R	12114883	12114891	10	979.5	533.8	973.8	530.5	0.33	44
R	12115509	12115517	10	975.6	526.8	984.8	526.4	0.45	57
R	12117223	12117231	10	989.6	538.1	980.8	536.1	0.44	59
R	12123729	12123737	10	991.0	529.9	982.3	531.3	0.43	53
R	12130309	12130317	10	983.0	529.8	990.8	533.3	0.42	52
R	12135197	12135205	10	974.1	518.8	982.6	518.1	0.41	52
R	12143581	12143593	14	972.5	528.3	986.1	525.6	0.66	60
R	12146343	12146351	10	972.9	523.5	981.3	520.2	0.43	54
R	12149927	12149937	12	981.6	535.6	970.6	536.5	0.53	54
R	12153095	12153111	18	966.9	527.3	981.4	517.2	0.86	68
R	12159493	12159507	16	985.7	520.6	967.8	525.7	0.88	70
R	12160317	12160467	152	967.2	527.9	967.6	526.9	0.05	2535
R	12160671	12160689	20	974.0	508.7	963.3	528.2	1.12	82
R	12166173	12166181	10	976.8	518.1	969.5	521.1	0.38	47
R	12166965	12166995	32	967.8	527.7	1018.3	477.1	3.52	192
R	12167083	12167103	22	1024.3	482.7	1072.3	472.8	2.31	148
R	12167341	12167973	634	1077.7	450.4	960.5	684.9	12.42	1212
R	12168087	12168257	172	964.3	641.8	748.5	630.4	9.08	1910
R	12168303	12169695	1394	737.2	621.7	582.3	950.2	16.26	1620
R	12169991	12170019	30	1000.1	566.1	976.7	489.0	3.79	198
R	12170235	12170257	24	958.2	483.7	947.5	441.0	2.04	114
R	12170397	12173923	3528	930.4	414.6	42.2	733.6	33.44	1316
R	12174079	12174577	500	994.6	738.8	907.0	377.7	17.31	868
R	12174721	12174749	30	896.2	349.0	896.7	273.1	3.15	183
R	12175001	12175045	46	894.6	270.2	1124.1	422.0	11.42	521
R	12175385	12176597	1214	1126.6	424.7	923.7	557.2	10.66	1083
R	12176783	12176821	40	904.8	520.2	1048.6	596.6	7.40	378
R	12177143	12177259	118	1052.2	609.2	625.3	832.7	21.90	803
R	12177505	12177553	50	640.6	855.0	925.3	824.4	12.75	531
R	12177603	12177617	16	928.7	820.3	927.1	820.5	0.08	61
R	12177725	12177781	58	929.6	817.5	1295.2	790.9	16.83	601
R	12177969	12178031	64	1292.0	797.5	1438.2	820.1	6.54	275
R	12178501	12178583	84	1445.6	819.3	826.1	645.9	28.63	572
R	12178963	12178975	14	818.3	615.6	821.9	625.4	0.51	73
R	12179219	12179407	190	846.1	636.0	715.3	258.9	17.49	1166
R	12179967	12180381	416	750.5	265.9	837.3	501.5	10.88	886
R	12180683	12180733	52	1059.2	1090.9	1290.7	1191.7	12.16	464
R	12180941	12180985	46	1291.6	1192.0	1286.4	1195.8	0.30	121
R	12181075	12181125	52	1275.7	1206.7	1049.9	1143.7	10.57	381
R	12181251	12181365	116	1065.6	1144.5	875.6	303.8	38.57	1011
R	12181663	12185637	3976	930.5	341.7	1048.3	813.3	21.15	538
R	12185883	12185929	48	1043.3	789.8	994.6	557.0	10.70	458
R	12186165	12186207	44	981.1	540.0	965.6	442.7	4.20	266
R	12186441	12186475	36	953.4	447.5	1114.2	462.0	6.54	369
R	12186771	12186813	44	1120.3	459.6	1011.6	654.7	10.29	494
R	12187101	12187121	22	999.3	679.8	984.9	654.2	1.52	90
R	12187717	12187761	46	995.5	652.9	1124.0	631.4	6.22	262
R	12188061	12188091	32	1121.1	618.7	1055.2	622.0	3.17	192
R	12188203	12189555	1354	1056.7	597.3	709.8	865.0	21.83	1423
R	12189619	12189669	52	958.7	1301.7	1228.7	1282.1	12.17	569
R	12190131	12191275	1146	1259.5	1274.6	1076.6	812.2	23.79	1736
R	12191705	12191771	68	1064.7	809.9	957.5	498.7	15.32	380
R	12192067	12193491	1426	959.6	471.2	1028.5	482.8	2.90	2227
R	12193991	12195231	1242	1014.4	466.8	949.5	558.0	4.80	2130
R	12195383	12195415	34	930.8	535.6	1008.0	646.7	5.96	322
R	12195705	12195773	70	1016.8	654.0	1010.6	298.7	15.09	316
R	12196027	12196057	32	989.8	276.1	897.6	285.3	3.55	209
R	12196207	12196265	60	906.1	289.7	1061.1	784.9	22.16	740
R	12196739	12196811	74	1059.1	797.5	1152.5	1122.0	15.82	674
R	12197175	12197219	46	1150.0	1125.7	985.3	730.6	19.74	872
R	12197437	12197465	30	970.5	685.3	965.7	630.3	2.56	163
R	12197655	12197691	38	967.5	638.3	972.7	527.2	5.03	233
R	12205837	12205845	10	983.8	550.4	983.0	562.2	0.54	66
R	12207739	12207747	10	1010.0	551.3	999.4	553.6	0.47	57
R	12214269	12214277	10	1002.0	559.8	1012.8	560.1	0.47	57
R	12232851	12232861	12	1009.6	556.8	997.3	554.3	0.54	56
R	12245041	12245049	10	984.9	538.6	994.1	539.9	0.40	51
R	12247773	12247781	10	996.8	536.7	990.4	543.7	0.42	52
R	12248945	12248955	12	999.7	549.2	988.5	551.5	0.49	51
R	12250183	12250191	10	1012.1	537.7	1002.9	540.9	0.42	52
R	12251705	12251713	10	980.8	537.2	989.6	540.2	0.40	51
R	12258623	12258637	16	992.6	546.3	997.0	531.5	0.70	62
R	12270681	12270693	14	997.0	519.2	1014.0	519.7	0.73	65
R	12272293	12272301	10	985.1	529.9	993.6	530.7	0.36	50
R	12278143	12278153	12	1015.0	541.5	1000.7	539.9	0.62	64
R	12285309	12285321	14	1012.9	530.6	999.2	520.7	0.73	63
R	12287613	12287621	10	997.2	517.2	1007.3	515.5	0.44	55
R	12288309	12288327	20	1011.1	522.4	983.1	520.3	1.20	81
R	12297083	12297093	12	980.3	533.7	991.7	531.4	0.50	51
R	12301841	12301853	14	976.5	536.6	964.4	534.6	0.53	49
R	12302125	12302135	12	970.1	539.3	983.9	538.7	0.59	63
R	12302421	12302433	14	998.5	531.1	984.4	526.8	0.64	54
R	12302843	12302855	14	973.1	521.8	987.9	519.8	0.64	58
R	12304847	12304855	10	975.7	524.8	967.8	527.4	0.36	45
R	12305409	12305421	14	990.6	530.5	993.0	515.6	0.69	61
R	12308821	12308833	14	980.4	531.6	995.3	529.6	0.65	57
R	12310213	12310223	12	966.9	520.8	974.3	529.4	0.51	53
R	12316275	12316285	12	984.7	524.2	974.0	532.0	0.58	59
R	12317135	12317145	12	962.5	540.7	973.2	539.0	0.46	48
R	12319103	12319111	10	982.1	544.6	983.0	553.5	0.42	53
R	12332437	12332445	10	976.8	526.2	988.5	528.2	0.50	63
R	12332935	12333123	190	1001.5	530.0	975.2	497.7	1.84	1350
R	12333243	12333269	28	959.8	498.2	936.4	446.9	2.47	156
R	12333335	12333473	140	936.8	460.1	1132.8	478.5	8.24	2685
R	12333533	12333685	154	1121.2	471.8	1127.3	470.5	0.26	2133
R	12333769	12333809	42	1125.0	469.9	1003.0	659.7	10.21	486
R	12333967	12333983	18	1004.9	671.6	1001.0	645.8	1.25	84
R	12334123	12334177	56	992.2	648.4	896.1	240.6	17.82	627
R	12334395	12334415	22	884.2	229.4	934.0	238.7	1.95	125
R	12334513	12334675	164	949.1	248.8	699.3	835.1	26.78	1022
R	12334841	12334899	60	718.9	822.4	1140.2	777.1	17.76	512
R	12335063	12336021	960	1139.6	785.9	1080.6	675.2	6.02	549
R	12336195	12336221	28	1067.8	661.6	1098.3	623.5	2.30	139
R	12336633	12336663	32	1083.2	627.8	1005.9	588.4	3.89	195
R	12343957	12343967	12	985.6	521.5	978.3	532.8	0.61	62
R	12364465	12364477	14	1004.7	562.2	989.8	549.7	0.85	74
R	12373973	12373981	10	990.4	528.1	1000.3	524.9	0.45	57
R	12377333	12377341	10	1000.7	534.0	991.0	534.5	0.42	51
R	12385337	12385349	14	976.3	531.8	992.7	529.9	0.72	62
R	12390439	12390447	10	991.5	532.6	982.6	532.1	0.39	48
R	12397273	12397281	10	1004.5	532.1	994.2	530.2	0.45	58
R	12403685	12403695	12	996.7	526.6	984.3	524.5	0.54	56
R	12408851	12408863	14	981.7	531.3	995.4	532.8	0.59	52
R	12409171	12409179	10	1003.1	541.4	993.6	542.4	0.41	52
R	12414699	12414711	14	978.8	510.8	994.8	508.1	0.69	61
R	12415209	12415219	12	994.9	495.8	982.0	499.1	0.57	58
R	12421697	12421707	12	959.0	522.8	969.3	521.2	0.45	48
R	12422089	12422097	10	975.0	515.0	965.3	516.7	0.42	51
R	12430035	12430045	12	985.4	526.5	975.1	529.5	0.46	46
R	12432415	12432425	12	982.4	522.8	994.3	526.0	0.53	55
R	12433551	12433563	14	990.9	517.6	971.5	513.8	0.84	74
R	12435545	12435553	10	998.1	516.8	997.1	507.0	0.45	59
R	12435709	12435719	12	992.6	509.9	984.2	519.7	0.57	59
R	12438857	12438865	10	981.8	524.2	970.5	526.7	0.49	60
R	12447943	12447955	14	972.9	533.2	987.1	530.9	0.61	54
R	12455817	12455827	12	959.3	521.7	951.8	528.1	0.43	43
R	12455893	12455905	14	951.3	527.5	969.6	528.9	0.77	68
R	12465077	12465089	14	952.0	521.1	968.3	518.0	0.69	63
R	12470579	12470593	16	985.4	495.8	981.7	512.6	0.76	63
R	12475207	12475217	12	988.7	512.1	999.8	515.2	0.48	49
R	12476739	12476749	12	984.3	508.6	972.6	509.6	0.49	50