R	3135532	3135560	32
R	3245508	3245544	40
R	3245876	3245924	52
R	3246140	3254012	7876
R	3254472	3254700	232
R	3254760	3263368	8612
R	3263420	3263424	8
R	3263596	3264268	676
R	3264448	3264968	524
R	3265204	3265268	68
R	3265700	3265992	296
R	3266368	3267016	652
R	3267244	3267684	444
R	3267848	3267876	32
R	3268020	3268300	284
R	3268600	3268908	312
R	3269112	3269240	132
R	3269460	3280288	10832
R	3280600	3287188	6592
R	3288204	3288360	160
R	3288404	3288604	204
R	3288728	3288836	112
R	3288912	3290000	1092
R	3290488	3290512	28
R	3290844	3290956	116
R	3291096	3291276	184
R	3291404	3291776	376
R	3291848	3293548	1704
R	3293628	3293708	84
R	3293816	3296360	2548
R	3296416	3296596	184
R	3296644	3296644	4
R	3296692	3298408	1720
R	3298804	3298852	52
R	3299128	3299296	172
R	3299360	3299368	12
R	3299500	3299616	120
R	3299728	3299740	16
R	3299820	3300124	308
R	3300188	3301280	1096
R	3301624	3301624	4
R	3301752	3301836	88
R	3302412	3302512	104
R	3302608	3306512	3908
R	3306728	3306772	48
R	3307220	3307284	68
R	3308644	3308744	104
R	3309864	3311276	1416
R	3311560	3321956	10400
R	3322736	3322904	172
R	3323408	3323516	112
R	3323864	3331640	7780
R	3331796	3331852	60
R	3332308	3332360	56
R	3335112	3335676	568
R	3336744	3337008	268
R	3381600	3381624	28
R	3384648	3384660	16
R	3390520	3390612	96
R	3393004	3393064	64
R	3397280	3397336	60
R	3404712	3404768	60
R	3505268	3505344	80
R	3505708	3505740	36
R	3506164	3563088	56928
R	3709306	3709342	40
R	3724018	3724062	48
R	3727702	3727802	104
R	3732286	3732342	60
R	3736766	3736822	60
R	3742154	3742242	92
R	3742574	3742590	20
R	3746654	3746694	44
R	3753318	3753342	28
R	3756502	3756518	20
R	3783174	3783222	52
R	3788466	3788478	16
R	3868486	3868494	12
R	3869030	3869066	40
R	3870622	3871242	624
R	3873334	3874790	1460
R	3876910	3876990	84
R	3878186	3878226	44
R	3880550	3880586	40
R	3882558	3882598	44
R	3883070	3883110	44
R	3883634	3883694	64
R	3884438	3884526	92
R	3884790	3884890	104
R	3885110	3885238	132
R	3885458	3885618	164
R	3885894	3886050	160
R	3886394	3886666	276
R	3887062	3887982	924
R	3888874	3888954	84
R	3889978	3890030	56
R	3890650	3890706	60
R	3891322	3891362	44
R	3891938	3892046	112
R	3892430	3892558	132
R	3892970	3898722	5756
R	3899222	3899282	64
R	3899918	3899966	52
R	3901226	3901922	700
R	3902766	3902918	156
R	3903646	3903754	112
R	3904738	3904774	40
R	3906018	3906114	100
R	3907066	3907094	32
R	3908042	3908098	60
R	3908862	3908894	36
R	3910122	3910198	80
R	3910922	3911002	84
R	3911810	3912882	1076
R	3913682	3913790	112
R	3914438	3914542	108
R	3915414	3915610	200
R	3916258	3916330	76
R	3935410	3935654	248
R	3939914	3939974	64
R	3943458	3943526	72
R	3947010	3947038	32
R	3950214	3950282	72
R	3953426	3953494	72
R	3957054	3957126	76
R	3960254	3960294	44
R	3963690	3963766	80
R	3970438	3970502	68
R	3974814	3974958	148
R	3981310	3981338	32
R	3984990	3985066	80
R	3989110	3989166	60
R	3992302	3992338	40
R	3999274	3999330	60
R	4010826	4010886	64
R	4014158	4014218	64
R	4015666	4015730	68
R	4017606	4017654	52
R	4024350	4024382	36
R	4030806	4030810	8
R	4051398	4051422	28
R	4058182	4058198	20
R	4064350	4064350	4
R	4068242	4068250	12
R	4068530	4068570	44
R	4068826	4068886	64
R	4069290	4069354	68
R	4069474	4069986	516
R	4070510	4070690	184
R	4071002	4071122	124
R	4072130	4072246	120
R	4072630	4072710	84
R	4073186	4073214	32
R	4075426	4075470	48
R	4076158	4076294	140
R	4077026	4077090	68
R	4077874	4078106	236
R	4078914	4079014	104
R	4079578	4079602	28
R	4079766	4079830	68
R	4080346	4080398	56
R	4081850	4082018	172
R	4082430	4082430	4
R	4082798	4082866	72
R	4083418	4087294	3880
R	4087754	4088254	504
R	4088682	4089594	916
R	4089814	4089918	108
R	4090766	4090846	84
R	4091506	4091550	48
R	4092398	4092570	176
R	4093374	4093482	112
R	4095186	4095250	68
R	4095990	4096054	68
R	4096418	4096966	552
R	4097950	4098026	80
R	4098762	4098838	80
R	4099802	4099998	200
R	4100610	4101234	628
R	4101946	4102034	92
R	4107226	4107262	40
R	4112222	4112270	52
R	4119874	4119918	48
R	4122694	4122862	172
R	4129654	4129666	16
R	4131038	4131418	384
R	4148954	4149002	52
R	4152070	4152450	384
R	4152678	4152718	44
R	4155730	4156022	296
R	4156570	4159090	2524
R	4161322	4164218	2900
R	4172294	4172326	36
R	4172542	4172602	64
R	4178490	4181462	2976
R	4185088	4187350	2266
R	4191570	4191598	32
R	4192130	4192162	36
R	4192694	4193762	1072
R	4239414	4239450	40
R	4246498	4246530	36
R	4251222	4251286	68
R	4253126	4253130	8
R	4284010	4284030	24
R	4284262	4284302	44
R	4284570	4284590	24
R	4285014	4285086	76
R	4285262	4285422	164
R	4285542	4285946	408
R	4286558	4286594	40
R	4286958	4287098	144
R	4287506	4287594	92
R	4288322	4288370	52
R	4289558	4289618	64
R	4325330	4325394	68
R	4354730	4354746	20
R	4377482	4377498	20
R	4388294	4388346	56
R	4399330	4399374	48
R	4490900	4494074	3178
R	4502802	4502838	40
R	4520074	4520074	4
R	4526910	4526938	32
R	4529950	4529958	12
R	4543050	4543082	36
R	4543834	4585134	41304
R	4692598	4692634	40
R	4705934	4705970	40
R	4710270	4710342	76
R	4714158	4714238	84
R	4717002	4717086	88
R	4723502	4723550	52
R	4726678	4726746	72
R	4738330	4738378	52
R	4742230	4742322	96
R	4749742	4749818	80
R	4753306	4753366	64
R	4783066	4783142	80
R	4785010	4785458	452
R	4785990	4786022	36
R	4786554	4786654	104
R	4786882	4786938	60
R	4797166	4797218	56
R	4804606	4804758	156
R	4809046	4810462	1420
R	4811742	4814350	2612
R	4819932	4819942	14
R	4822794	4822826	36
R	4823880	4826274	2398
R	4830078	4832498	2424
R	4838730	4838758	32
R	4839290	4840446	1160
R	4840958	4840978	24
R	4841350	4841958	612
R	4842790	4842802	16
R	4843442	4843522	84
R	4848178	4851222	3048
R	4878914	4881090	2180
R	4884078	4886910	2836
R	4891930	4895010	3084
R	4927102	4927126	28
R	4941526	4941594	72
R	4993742	4993810	72
R	5032950	5032994	48
R	5041062	5041082	24
R	5041430	5041558	132
R	5042010	5042058	52
R	5043022	5047718	4700
R	5049270	5049326	60
R	5050278	5050326	52
R	5051522	5051834	316
R	5140826	5140870	48
R	5295878	5295878	4
R	5299974	5300018	48
R	5325914	5326002	92
R	5326514	5326514	4
R	5361506	5361526	24
R	5361742	5361750	12
R	5362122	5362134	16
R	5362242	5362286	48
R	5362382	5362438	60
R	5362494	5362954	464
R	5363134	5363138	8
R	5363414	5363446	36
R	5363714	5363746	36
R	5363798	5364238	444
R	5366318	5366358	44
R	5505750	5505754	8
R	5506178	5506218	44
R	5506422	5506486	68
R	5506626	5508510	1888
R	5509394	5516266	6876
R	5516338	5516382	48
R	5517238	5517362	128
R	5518054	5518126	76
R	5518626	5518674	52
R	5519046	5519046	4
R	5519126	5519262	140
R	5519306	5519310	8
R	5519446	5527654	8212
R	5527762	5527998	240
R	5528334	5528426	96
R	5529018	5529094	80
R	5582590	5582646	60
R	5585918	5585958	44
R	5599978	5599998	24
R	5602722	5602738	20
R	5606254	5606274	24
R	5619138	5619166	32
R	5666586	5666630	48
R	5666810	5667458	652
R	5667710	5667826	120
R	5667978	5668078	104
R	5668434	5668506	76
R	5674386	5674442	60
R	5677974	5678018	48
R	5687818	5687866	52
R	5701082	5701122	44
R	5840290	5840382	96
R	5840674	5843286	2616
R	5844958	5845006	52
R	5845286	5853454	8172
R	5859346	5860110	768
R	5861470	5861478	12
R	5862162	5865430	3272
R	5865638	5865686	52
R	5866526	5866526	4
R	5867390	5868822	1436
R	5869126	5869150	28
R	6028042	6028090	52
R	6031310	6031370	64
R	6034258	6034306	52
R	6040242	6040274	36
R	6042926	6042938	16
R	6053298	6053298	4
R	6062486	6062514	32
R	6066490	6066566	80
R	6069766	6069826	64
R	6072642	6072670	32
R	6076250	6076310	64
R	6088194	6088266	76
R	6092042	6092098	60
R	6095590	6095646	60
R	6098530	6098554	28
R	6102170	6102214	48
R	6109382	6109390	12
R	6113902	6113934	36
R	6114678	6114702	28
R	6114890	6116594	1708
R	6121966	6122042	80
R	6125682	6125686	8
R	6128798	6128862	68
R	6135002	6135046	48
R	6138786	6138810	28
R	6145202	6145234	36
R	6151742	6151766	28
R	6155178	6155190	16
R	6167978	6168002	28
R	6200698	6200734	40
R	6204046	6204106	64
R	6205266	6205306	44
R	6207126	6207186	64
R	6210718	6210762	48
R	6213974	6214046	76
R	6217606	6217642	40
R	6221394	6221470	80
R	6225870	6225914	48
R	6230254	6230338	88
R	6233658	6233730	76
R	6236786	6236846	64
R	6240278	6240342	68
R	6249482	6249510	32
R	6252986	6253046	64
R	6263070	6263082	16
R	6267858	6267914	60
R	6269446	6272882	3440
R	6273350	6276658	3312
R	6277674	6281830	4160
R	6289162	6289222	64
R	6294638	6294694	60
R	6298302	6298374	76
R	6301846	6301906	64
R	6305670	6305746	80
R	6309254	6309282	32
R	6324418	6324458	44
R	6357270	6357330	64
R	6363818	6363842	28
R	6385346	6385406	64
R	6391826	6391874	52
R	6415918	6415938	24
R	6416214	6421910	5700
R	6424134	6424214	84
R	6426810	6426898	92
R	6433490	6433518	32
R	6437058	6437106	52
R	6440470	6440546	80
R	6443794	6443822	32
R	6447170	6447190	24
R	6465898	6465914	20
R	6473270	6473274	8
R	6480470	6480486	20
R	6489998	6490026	32
R	6505646	6505694	52
R	6522174	6522250	80
R	6524174	6524234	64
R	6534814	6534878	68
R	6536038	6536094	60
R	6538322	6538366	48
R	6541990	6542034	48
R	6545690	6545742	56
R	6546894	6546918	28
R	6549250	6549266	20
R	6552258	6552326	72
R	6553518	6553582	68
R	6555578	6555642	68
R	6556610	6556674	68
R	6562338	6562406	72
R	6565234	6565274	44
R	6568282	6568322	44
R	6574990	6575038	52
R	6575194	6580958	5768
R	6588066	6588578	516
R	6590318	6590446	132
R	6596166	6596398	236
R	6598250	6598362	116
R	6602142	6602230	92
R	6605682	6605778	100
R	6615006	6615050	48
R	6616878	6616930	56
R	6620430	6620474	48
R	6623986	6624066	84
R	6627606	6627654	52
R	6634566	6634586	24
R	6637746	6637750	8
R	6640910	6640942	36
R	6646254	6646346	96
R	6649426	6649498	76
R	6663014	6663034	24
R	6673266	6673278	16
R	6700114	6700162	52
R	6703642	6703654	16
R	6717078	6717114	40
R	6727966	6728042	80
R	6738334	6738394	64
R	6750118	6750150	36
R	6750338	6760890	10556
R	6765202	6765282	84
R	6769050	6769130	84
R	6772890	6772942	56
R	6775814	6775830	20
R	6785106	6785150	48
R	6788910	6788942	36
R	6795670	6795694	28
R	6803730	6803770	44
R	6864298	6864332	38
R	6866692	6866744	56
R	6869944	6869948	8
R	6876424	6876440	20
R	6883252	6883304	56
R	6886440	6886456	20
R	6889744	6889744	4
R	6897692	6897724	36
R	6901800	6901876	80
R	6904924	6904944	24
R	6908240	6908296	60
R	6912224	6912272	52
R	6915800	6915816	20
R	6948824	6948836	16
R	6961680	6961760	84
R	6964864	6964948	88
R	6966080	6983516	17440
R	6985188	6985728	544
R	6986032	6987288	1260
R	6995660	6995740	84
R	7002956	7003052	100
R	7006368	7006440	76
R	7009500	7009544	48
R	7012540	7012564	28
R	7015356	7015416	64
R	7023276	7023332	60
R	7026396	7026432	40
R	7030040	7030108	72
R	7033288	7033352	68
R	7036956	7037028	76
R	7040216	7040288	76
R	7043744	7043780	40
R	7050152	7050216	68
R	7053648	7053708	64
R	7062740	7062764	28
R	7066788	7066832	48
R	7083836	7083892	60
R	7105536	7105600	68
R	7106800	7106812	16
R	7118336	7118344	12
R	7126092	7127492	1404
R	7131208	7131252	48
R	7139004	7139088	88
R	7142280	7142360	84
R	7152748	7152792	48
R	7156316	7156368	56
R	7159868	7159884	20
R	7182780	7182804	28
R	7191920	7191936	20
R	7238060	7238096	40
R	7245184	7245216	36
R	7246336	7246368	36
R	7248172	7248224	56
R	7250880	7250920	44
R	7251792	7251832	44
R	7252716	7252756	44
R	7258996	7259016	24
R	7262028	7262072	48
R	7263068	7263084	20
R	7263356	7266140	2788
R	7267020	7267080	64
R	7267668	7276680	9016
R	7278172	7278240	72
R	7280536	7280612	80
R	7283448	7283540	96
R	7286548	7286640	96
R	7290100	7290184	88
R	7293548	7293604	60
R	7301980	7302036	60
R	7305544	7305620	80
R	7308844	7308936	96
R	7312584	7312648	68
R	7316040	7316116	80
R	7319888	7319976	92
R	7323352	7323428	80
R	7326496	7326532	40
R	7327560	7327600	44
R	7329588	7329668	84
R	7334664	7334696	36
R	7336740	7336828	92
R	7340100	7340176	80
R	7343424	7343460	40
R	7346584	7346660	80
R	7353468	7353536	72
R	7357068	7357108	44
R	7360504	7360520	20
R	7365552	7365576	28
R	7367712	7367752	44
R	7383236	7383284	52
R	7417320	7417360	44
R	7417664	7417700	40
R	7417920	7417952	36
R	7418172	7418784	616
R	7419112	7419472	364
R	7419688	7429120	9436
R	7429524	7429544	24
R	7429852	7433988	4140
R	7434152	7435044	896
R	7438744	7438868	128
R	7442196	7442312	120
R	7448592	7448740	152
R	7450108	7450204	100
R	7453400	7453512	116
R	7455176	7455244	72
R	7458452	7458488	40
R	7467228	7467324	100
R	7471156	7471220	68
R	7476056	7476128	76
R	7477248	7477276	32
R	7479140	7479208	72
R	7482220	7482296	80
R	7489056	7489124	72
R	7492164	7492240	80
R	7498084	7498140	60
R	7499364	7499408	48
R	7502724	7502788	68
R	7511876	7511932	60
R	7523496	7523572	80
R	7526800	7526808	12
R	7540144	7540188	48
R	7549540	7549624	88
R	7551600	7551660	64
R	7554768	7554840	76
R	7559244	7559332	92
R	7575940	7575984	48
R	7583796	7583872	80
R	7586752	7586812	64