L	518664	518718	56
L	550986	551038	54
L	591052	591160	110
L	653134	653298	166
L	683446	683592	148
L	731420	731550	132
L	733064	733112	50
L	734050	734126	78
L	734564	734716	154
L	735586	736320	736
L	736572	736644	74
L	737096	737170	76
L	737430	737454	26
L	737914	737988	76
L	740540	740602	64
L	741494	741542	50
L	742332	742408	78
L	743276	743374	100
L	745038	745108	72
L	745932	746134	204
L	746790	747996	1208
L	748698	748898	202
L	749796	751184	1390
L	753434	753550	118
L	754768	754866	100
L	757282	757392	112
L	759104	759180	78
L	781074	781214	142
L	782180	782308	130
L	932226	932228	4
L	932750	932798	50
L	933310	933482	174
L	933748	933880	134
L	934078	934200	124
L	934246	934384	140
L	935234	936540	1308
L	937476	937554	80
L	938408	938634	228
L	939862	940004	144
L	949666	949746	82
L	950214	950310	98
L	950418	950464	48
L	951494	951580	88
L	951732	952534	804
L	953546	954428	884
L	955912	959990	4080
L	961100	961660	562
L	963060	963142	84
L	963710	963850	142
L	964930	965014	86
L	966106	966188	84
L	967042	972616	5576
L	974854	975930	1078
L	976156	976194	40
L	977696	977758	64
L	978292	979996	1706
L	980706	983674	2970
L	984536	985508	974
L	987426	989132	1708
L	989478	990082	606
L	1002594	1002604	12
L	1007438	1007438	2
L	1007726	1007726	2
L	1018216	1018290	76
L	1065656	1065744	90
L	1073378	1073588	212
L	1082314	1082372	60
L	1101036	1102978	1944
L	1108554	1111494	2942
L	1123568	1124346	780
L	1175572	1175634	64
L	1194100	1194136	38
L	1198072	1198080	10
L	1206824	1206936	114
L	1207394	1209176	1784
L	1209932	1210010	80
L	1210698	1211166	470
L	1211804	1211858	56
L	1212264	1212282	20
L	1212364	1212562	200
L	1212770	1212820	52
L	1213562	1220522	6962
L	1221762	1221816	56
L	1222754	1222850	98
L	1223448	1224420	974
L	1225394	1233816	8424
L	1234362	1234406	46
L	1235474	1235532	60
L	1236642	1236712	72
L	1237464	1237574	112
L	1238098	1239164	1068
L	1240172	1240408	238
L	1241984	1242084	102
L	1243196	1278174	34980
L	1278388	1289998	11612
L	1290582	1302468	11888
L	1303614	1303706	94
L	1304416	1304520	106
L	1304734	1304858	126
L	1306278	1306428	152
L	1307514	1307654	142
L	1308504	1308600	98
L	1311548	1311646	100
L	1312436	1312556	122
L	1312950	1313584	636
L	1313834	1314942	1110
L	1316452	1316550	100
L	1316878	1319452	2576
L	1320894	1320952	60
L	1321380	1331362	9984
L	1331452	1331844	394
L	1332100	1332184	86
L	1332270	1353204	20936
L	1354090	1356006	1918
L	1356130	1356142	14
L	1356240	1357126	888
L	1357484	1370378	12896
L	1370456	1370472	18
L	1370816	1386618	15804
L	1424498	1424532	36
L	1436354	1436382	30
L	1441768	1441838	72
L	1455568	1455678	112
L	1465588	1465604	18
L	1467694	1470510	2818
L	1478246	1478318	74
L	1484084	1484168	86
L	1486366	1486508	144
L	1500200	1500522	324
L	1501264	1501316	54
L	1501816	1501872	58
L	1501954	1501976	24
L	1502030	1502142	114
L	1502200	1503406	1208
L	1511964	1512764	802
L	1517178	1517224	48
L	1536794	1537072	280
L	1537994	1538090	98
L	1622906	1622978	74
L	1627804	1627860	58
L	1632132	1632144	14
L	1637678	1637850	174
L	1641094	1644354	3262
L	1674858	1674948	92
L	1693990	1694180	192
L	1694422	1694508	88
L	1694796	1694796	2
L	1695238	1695254	18
L	1695322	1695334	14
L	1695702	1695712	12
L	1695762	1695764	4
L	1695998	1696008	12
L	1696402	1696406	6
L	1696606	1696612	8
L	1717964	1717982	20
L	1718058	1718062	6
L	1719612	1719678	68
L	1720110	1720936	828
L	1721216	1721226	12
L	1721352	1721510	160
L	1722730	1722836	108
L	1724348	1725034	688
L	1726768	1727040	274
L	1727276	1727504	230
L	1727592	1727804	214
L	1731394	1731534	142
L	1743296	1743492	198
L	1763480	1763648	170
L	1770224	1770340	118
L	1784680	1784696	18
L	1791514	1791664	152
L	1791812	1791964	154
L	1792048	1792088	42
L	1792160	1792188	30
L	1792614	1792628	16
L	1794204	1794294	92
L	1801046	1801170	126
L	1803554	1803702	150
L	1840048	1840096	50
L	1847554	1847812	260
L	1858466	1858568	104
L	1865206	1865594	390
L	1865778	1865780	4
L	1865988	1866046	60
L	1866098	1866160	64
L	2023066	2023122	58
L	2024098	2024174	78
L	2025578	2025632	56
L	2026756	2026860	106
L	2029132	2029252	122
L	2030440	2030486	48
L	2031028	2031082	56
L	2031320	2031622	304
L	2031976	2031982	8
L	2033486	2033602	118
L	2033912	2034418	508
L	2034652	2034728	78
L	2035686	2035796	112
L	2036414	2036446	34
L	2036956	2037028	74
L	2037402	2038558	1158
L	2039428	2040400	974
L	2040892	2041956	1066
L	2042558	2044254	1698
L	2044708	2046936	2230
L	2047388	2049658	2272
L	2050564	2051862	1300
L	2052358	2052460	104
L	2052684	2060132	7450
L	2060174	2062864	2692
L	2063374	2063476	104
L	2079576	2079648	74
L	2082464	2082580	118
L	2108354	2108446	94
L	2109740	2109804	66
L	2116380	2116450	72
L	2116982	2117546	566
L	2118498	2118600	104
L	2118716	2119056	342
L	2119798	2119998	202
L	2120162	2122300	2140
L	2122626	2122862	238
L	2123998	2124188	192
L	2125198	2125286	90
L	2125782	2125914	134
L	2126716	2126920	206
L	2127700	2127900	202
L	2128538	2128656	120
L	2129704	2136006	6304
L	2136200	2148380	12182
L	2149544	2150212	670
L	2159540	2159620	82
L	2160342	2160428	88
L	2160472	2160530	60
L	2160578	2161022	446
L	2166738	2166928	192
L	2171694	2171784	92
L	2178854	2179008	156
L	2188198	2188304	108
L	2197748	2198004	258
L	2207552	2207660	110
L	2211602	2211844	244
L	2225520	2225650	132
L	2239466	2239568	104
L	2253372	2253430	60
L	2254144	2254184	42
L	2254452	2254628	178
L	2263666	2263710	46
L	2266804	2266838	36
L	2274566	2274842	278
L	2276374	2276462	90
L	2285048	2286882	1836
L	2307218	2307284	68
L	2331164	2331164	2
L	2331376	2331458	84
L	2337150	2337456	308
L	2339768	2339806	40
L	2343462	2343646	186
L	2443834	2443910	78
L	2444204	2444404	202
L	2444958	2445638	682
L	2445918	2447160	1244
L	2448000	2448410	412
L	2449224	2449568	346
L	2449886	2483832	33948
L	2484224	2484416	194
L	2485214	2485302	90
L	2487218	2487276	60
L	2491880	2492212	334
L	2492262	2494508	2248
L	2507956	2508094	140
L	2512206	2512264	60
L	2516186	2516368	184
L	2516416	2516878	464
L	2520570	2520674	106
L	2526692	2526696	6
L	2527446	2527490	46
L	2527578	2527642	66
L	2527692	2527764	74
L	2528068	2528080	14
L	2531590	2531818	230
L	2531882	2531888	8
L	2532108	2532196	90
L	2536534	2536560	28
L	2536926	2537342	418
L	2537434	2537444	12
L	2538246	2538354	110
L	2538666	2538678	14
L	2538770	2538792	24
L	2541210	2541500	292
L	2541550	2541624	76
L	2554964	2555016	54
L	2558222	2560856	2636
L	2565492	2565508	18
L	2565586	2567146	1562
L	2567196	2567236	42
L	2567300	2567670	372
L	2567744	2567822	80
L	2573122	2573230	110
L	2575414	2575414	2
L	2575516	2575534	20
L	2575644	2575918	276
L	2576002	2576030	30
L	2576178	2576186	10
L	2577930	2578190	262
L	2587944	2588136	194
L	2591382	2591480	100
L	2591524	2593176	1654
L	2596132	2596148	18
L	2596190	2596228	40
L	2596288	2596684	398
L	2598168	2598268	102
L	2598392	2598398	8
L	2598944	2599030	88
L	2599172	2599178	8
L	2599518	2599680	164
L	2601990	2601994	6
L	2602082	2602120	40
L	2602206	2602252	48
L	2602310	2603400	1092
L	2603446	2603770	326
L	2603838	2603860	24
L	2603954	2603958	6
L	2604026	2604716	692
L	2610824	2610948	126
L	2614282	2614282	2
L	2623328	2623470	144
L	2628306	2628392	88
L	2629782	2629860	80
L	2629914	2629984	72
L	2630040	2630118	80
L	2630188	2630194	8
L	2630238	2630256	20
L	2630614	2630614	2
L	2630706	2630736	32
L	2630814	2630862	50
L	2630954	2631452	500
L	2631634	2631730	98
L	2631860	2631898	40
L	2632094	2632184	92
L	2632226	2632320	96
L	2634684	2634808	126
L	2635510	2635528	20
L	2635596	2635614	20
L	2635680	2635684	6
L	2635738	2635758	22
L	2635842	2635854	14
L	2636104	2636104	2
L	2636294	2636308	16
L	2636384	2636390	8
L	2636542	2636724	184
L	2642694	2642754	62
L	2649378	2649878	502
L	2656196	2656780	586
L	2665060	2667428	2370
L	2671730	2671748	20
L	2672008	2672548	542
L	2672628	2672636	10
L	2672716	2673000	286
L	2673078	2673080	4
L	2673228	2673316	90
L	2673408	2673514	108
L	2673594	2673606	14
L	2674594	2674762	170
L	2677302	2677310	10
L	2677404	2678320	918
L	2689512	2689554	44
L	2691306	2691322	18
L	2691686	2691868	184
L	2697170	2697256	88
L	2825660	2825724	66
L	2829786	2829808	24
L	2830710	2831928	1220
L	2832356	2832460	106
L	2833034	2833050	18
L	2833806	2833882	78
L	2834192	2834364	174
L	2834708	2845344	10638
L	2845920	2846724	806
L	2847060	2847240	182
L	2847636	2848888	1254
L	2849104	2859948	10846
L	2860618	2860662	46
L	2861558	2861996	440
L	2863306	2863598	294
L	2864620	2865010	392
L	2865658	2865968	312
L	2866560	2866724	166
L	2867188	2867502	316
L	2879074	2879238	166
L	2888650	2888752	104
L	2901176	2901230	56
L	2903900	2904556	658
L	2904934	2904996	64
L	2906026	2906980	956
L	2907046	2907188	144
L	2908268	2908330	64
L	2908374	2908408	36
L	2917984	2918066	84
L	2922832	2922920	90
L	2925588	2925668	82
L	2940866	2940930	66
L	2941202	2941244	44
L	2947524	2947582	60
L	2947988	2948024	38
L	2953172	2953226	56
L	2962516	2962580	66
L	2964692	2964786	96
L	2966312	2966424	114
L	2981426	2981480	56
L	2985112	2985200	90
L	3003492	3003692	202
L	3005862	3005892	32
L	3005970	3005982	14
L	3006072	3006076	6
L	3006122	3006122	2
L	3006206	3006210	6
L	3006378	3006398	22
L	3007200	3007318	120
L	3031554	3031576	24
L	3038772	3038812	42
L	3042350	3042360	12
L	3043104	3043908	806
L	3044262	3044298	38
L	3044706	3044846	142
L	3045042	3045312	272
L	3045778	3047440	1664
L	3047582	3047586	6
L	3047664	3051994	4332
L	3052792	3052970	180
L	3058396	3059060	666
L	3060692	3060734	44
L	3066476	3066562	88
L	3068116	3068376	262
L	3068802	3068858	58
L	3069086	3069086	2
L	3069276	3069426	152
L	3080352	3080384	34
L	3087880	3088270	392
L	3099756	3099794	40
L	3099892	3099892	2
L	3101650	3101690	42
L	3102992	3104168	1178
L	3104264	3104284	22
L	3105116	3105124	10
L	3108160	3108516	358
L	3108558	3108944	388
L	3109836	3109852	18
L	3111040	3112188	1150
L	3112364	3112450	88
L	3112786	3112870	86
L	3114142	3114142	2
L	3114310	3114312	4
L	3114356	3114376	22
L	3114628	3114646	20
L	3114690	3114818	130
L	3114984	3115146	164
L	3115214	3115260	48
L	3115770	3115770	2
L	3121908	3121970	64
L	3123520	3123664	146
L	3125870	3125932	64
L	3133848	3134260	414
L	3139700	3139786	88
L	3143980	3144032	54
L	3145170	3145672	504
L	3147418	3147456	40
L	3154518	3154596	80
L	3156152	3156160	10
L	3156378	3156398	22
L	3156460	3156534	76
L	3156626	3157054	430
L	3158068	3158152	86
L	3160066	3160080	16
L	3161794	3161844	52
L	3170908	3170962	56
L	3174638	3174706	70
L	3178536	3178620	86
L	3180544	3182426	1884
L	3190086	3190110	26
L	3190340	3190346	8
L	3190466	3190478	14
L	3192302	3192358	58
L	3194422	3194602	182
L	3196164	3196238	76
L	3200986	3201014	30
L	3202162	3202262	102
L	3208008	3208074	68
L	3213280	3213312	34
L	3222238	3222300	64
L	3226536	3226604	70
L	3227708	3227820	114
L	3232814	3232868	56
L	3233704	3234728	1026
L	3234990	3235212	224
L	3235560	3267754	32196
L	3268170	3270430	2262
L	3274998	3275150	154
L	3276560	3276660	102
L	3276894	3276932	40
L	3277004	3277166	164
L	3283284	3283376	94
L	3309350	3309420	72
L	3312796	3312996	202
L	3313744	3313794	52
L	3313870	3313912	44
L	3315788	3315816	30
L	3317324	3318144	822
L	3319534	3319660	128
L	3326882	3326966	86
L	3328024	3328046	24
L	3330096	3330168	74
L	3333834	3333862	30
L	3336902	3336904	4
L	3337864	3337948	86
L	3341290	3341324	36
L	3346896	3346964	70
L	3347868	3347956	90
L	3354834	3354884	52
L	3372768	3372794	28
L	3380126	3380180	56
L	3386658	3386702	46
L	3392000	3392010	12
L	3394492	3394592	102
L	3401824	3401902	80
L	3405626	3405712	88
L	3414472	3414542	72
L	3420372	3420440	70
L	3423436	3423510	76
L	3431268	3431298	32
L	3435628	3435702	76
L	3439782	3439822	42
L	3442828	3485450	42624
L	3488076	3488852	778
L	3489090	3495436	6348
L	3495582	3496978	1398
L	3497154	3497180	28
L	3497746	3498298	554
L	3498342	3498346	6
L	3498456	3523856	25402