R	378395	378771	378	946.7	545.7	1652.0	1171.0	36.69	694
R	379843	379867	26	947.8	545.1	946.9	556.9	0.53	71
R	380223	380257	36	948.7	538.0	873.4	553.7	3.15	128
R	380423	380455	34	877.8	565.7	1007.6	562.6	5.30	304
R	581695	581703	10	964.0	516.0	961.9	525.0	0.41	50
R	582141	582167	28	968.4	541.7	891.8	538.9	3.14	170
R	585553	585561	10	967.3	521.9	967.3	512.6	0.42	52
R	617739	617747	10	961.4	505.9	954.5	513.0	0.43	54
R	633197	633207	12	957.6	528.2	957.9	517.7	0.48	50
R	676869	676877	10	964.0	503.2	954.4	500.9	0.41	50
R	689865	689873	10	962.6	513.3	961.7	520.5	0.33	42
R	700225	700233	10	957.2	506.7	961.2	499.5	0.37	46
R	704069	704077	10	956.7	515.0	959.0	502.9	0.56	70
R	771413	771421	10	962.6	527.1	962.1	535.0	0.37	47
R	775423	775431	10	960.0	537.9	950.5	537.2	0.41	53
R	783799	783807	10	945.7	544.0	954.8	545.5	0.40	50
R	789547	789555	10	959.9	534.7	959.1	543.6	0.42	53
R	789803	789811	10	956.1	535.9	953.3	544.1	0.40	49
R	801363	801373	12	952.4	541.9	966.4	539.2	0.61	64
R	808581	808593	14	959.6	527.3	959.6	536.5	0.43	67
R	808947	808955	10	959.9	542.2	952.6	545.8	0.35	43
R	811467	811475	10	955.0	541.8	959.2	533.7	0.42	53
R	833069	833341	274	968.9	520.0	952.3	516.9	0.71	1567
R	833389	833397	10	949.2	510.3	948.9	517.9	0.35	44
R	834139	834167	30	972.2	513.6	1007.5	451.1	3.20	174
R	834301	834335	36	1000.1	471.9	1126.0	447.7	5.33	262
R	834577	834615	40	1131.3	463.1	1263.4	449.3	5.39	235
R	834775	834821	48	1260.3	451.4	998.5	646.5	14.01	610
R	835021	835045	26	1020.6	636.7	1073.4	629.8	2.26	150
R	835069	835119	52	1070.9	639.6	739.2	651.2	13.83	468
R	835397	835447	52	758.4	645.6	1126.3	636.7	15.33	599
R	835681	835767	88	1099.2	624.1	762.4	823.5	16.88	359
R	835979	836035	58	783.5	837.0	370.6	858.7	15.70	476
R	836239	836303	66	391.2	862.2	1006.8	841.7	23.74	783
R	836539	836581	44	979.1	842.1	1219.7	824.2	10.10	460
R	837323	837375	54	1204.5	803.6	1559.8	789.2	13.79	425
R	837657	837697	42	1557.7	802.0	1346.3	821.1	8.08	360
R	838019	838035	18	1345.9	820.7	1345.1	797.4	1.07	75
R	838161	838227	68	1347.3	801.7	933.6	443.2	23.32	612
R	838545	838657	114	941.5	493.9	1021.4	573.2	4.95	1694
R	838873	838883	12	998.2	546.2	994.6	534.3	0.57	59
R	839477	839663	188	989.2	521.2	687.7	768.5	16.70	1774
R	839919	841223	1306	679.3	746.4	894.3	455.9	15.70	1072
R	841933	841963	32	886.3	454.1	990.5	509.3	4.94	281
R	842557	842569	14	981.0	523.5	959.8	526.4	0.89	81
R	842713	842939	228	954.6	533.3	950.6	551.8	0.86	1736
R	843271	843285	16	963.1	514.3	984.8	526.1	1.04	87
R	843849	843909	62	981.1	525.4	709.2	382.1	12.56	345
R	844325	844373	50	716.5	384.0	962.2	549.9	12.37	509
R	844623	844643	22	940.9	544.4	985.6	537.8	1.90	124
R	845621	845649	30	984.8	553.2	1022.0	629.1	3.87	228
R	846057	846095	40	1027.9	641.4	1190.5	633.3	6.83	338
R	846375	846423	50	1178.7	637.2	1446.2	813.1	13.37	505
R	846691	846745	56	1449.4	813.6	1076.8	885.4	15.26	507
R	846965	847023	60	1082.0	892.4	1321.6	1307.7	19.81	607
R	847549	848555	1008	1306.4	1301.2	1327.9	1208.8	3.72	283
R	848897	853205	4310	1308.7	1220.4	1020.4	631.8	28.19	1073
R	853661	853693	34	1014.6	661.0	981.8	553.5	5.31	265
R	853833	856581	2750	977.6	551.9	1215.5	1252.6	32.17	480
R	856857	856957	102	1373.6	1306.5	926.9	490.4	38.43	721
R	857199	857241	44	916.2	511.6	1122.7	491.1	8.76	383
R	857429	857473	46	1105.9	502.7	949.9	585.0	7.68	320
R	857613	857649	38	961.2	579.3	888.7	652.9	4.67	217
R	857831	857873	44	893.2	643.7	1106.7	694.8	9.44	395
R	858039	858071	34	1100.3	697.4	1187.4	652.8	4.26	244
R	858259	858307	50	1187.0	649.9	1456.1	872.6	14.90	573
R	858479	858515	38	1461.0	859.9	1546.9	817.1	3.75	133
R	858665	858729	66	1539.4	827.6	884.0	827.3	25.91	722
R	858965	859031	68	908.9	826.2	900.5	345.9	21.59	588
R	859293	859335	44	883.7	406.5	680.5	505.0	9.25	420
R	859525	859587	64	700.5	497.7	980.9	274.7	14.65	588
R	859833	859879	48	960.8	284.6	735.9	497.5	12.81	531
R	860069	860121	54	749.5	495.4	1142.1	477.7	15.98	598
R	860271	860307	38	1118.3	474.8	1255.5	469.9	5.57	262
R	860471	860515	46	1247.1	464.3	1097.1	706.6	12.64	498
R	860691	860759	70	1103.7	702.4	557.4	879.2	23.30	547
R	860947	860999	54	561.2	886.8	913.9	841.1	14.32	602
R	861167	861229	64	904.3	856.2	1406.3	840.9	20.34	647
R	861455	861493	40	1387.3	830.5	1188.3	835.1	8.01	392
R	861621	861665	46	1200.3	836.3	1521.7	816.2	12.56	511
R	861887	861937	52	1510.2	821.4	1133.9	841.8	14.73	572
R	862111	862159	50	1158.4	829.1	773.3	854.9	15.83	614
R	862359	862391	34	781.1	864.0	933.6	848.1	6.34	380
R	862589	862625	38	914.4	854.2	1093.5	840.8	7.55	381
R	862793	862839	48	1096.5	838.6	1044.3	603.1	11.20	418
R	863089	863231	144	1041.8	630.3	1076.3	688.5	3.11	1432
R	864069	864119	52	1078.5	654.3	771.7	638.6	12.83	437
R	864453	864499	48	775.4	649.2	1060.9	635.1	11.94	510
R	864735	864769	36	1036.1	637.8	973.0	549.4	4.90	221
R	865247	865297	52	982.0	549.5	1128.4	725.4	10.27	309
R	890495	890515	22	987.2	576.1	934.9	585.3	2.21	140
R	898419	898427	10	980.6	577.4	982.3	569.1	0.39	47
R	916513	916521	10	969.8	557.5	968.8	548.2	0.43	52
R	930059	930067	10	971.3	551.6	972.0	543.3	0.38	48
R	935861	935869	10	950.5	547.5	951.7	539.1	0.39	47
R	954159	954179	22	965.5	544.2	922.0	551.2	1.85	128
R	965137	965145	10	956.9	541.0	961.7	531.4	0.48	61
R	965281	965299	20	968.5	526.2	988.6	494.7	1.67	110
R	965351	965391	42	993.2	481.3	1129.1	450.6	5.77	260
R	965653	965693	42	1134.5	480.9	1005.4	669.7	10.28	477
R	965967	966031	66	1017.8	656.7	1514.3	877.4	22.04	594
R	966191	966253	64	1503.0	868.4	944.3	859.4	22.09	610
R	966473	966515	44	980.1	871.4	1168.1	854.0	7.92	353
R	966629	966681	54	1159.0	856.7	1069.1	522.3	15.86	581
R	966825	966863	40	1067.4	533.3	950.0	664.3	7.80	381
R	967073	967127	56	961.0	663.2	1032.2	290.3	16.76	577
R	967297	967337	42	1022.2	303.5	853.6	279.5	6.75	267
R	967541	967583	44	859.9	291.8	1059.3	287.7	7.88	363
R	967725	967889	166	1049.6	284.1	1040.4	497.9	9.28	1949
R	968169	968197	30	1032.8	460.8	975.6	526.0	3.78	216
R	969759	969791	34	984.8	522.0	1064.1	604.8	5.06	255
R	970023	970073	52	1062.7	614.9	811.1	636.1	10.53	384
R	970387	970445	60	820.7	651.5	391.7	888.4	19.43	564
R	970691	970729	40	412.6	877.8	635.3	854.7	8.39	422
R	970909	970973	66	609.7	854.6	1009.8	540.8	21.58	661
R	971249	971257	10	989.0	544.1	986.9	552.3	0.39	48
R	971307	971351	46	983.4	541.0	1093.2	421.2	7.07	253
R	971513	971695	184	1088.5	429.3	914.6	589.3	10.21	1756
R	971881	971901	22	913.6	567.9	945.4	545.2	1.69	103
R	972077	972087	12	945.9	550.2	957.7	540.5	0.66	72
R	972785	972809	26	976.0	530.5	1013.6	588.4	3.10	188
R	973143	973171	30	1021.2	601.0	940.5	645.4	3.98	208
R	974059	974217	160	934.1	639.2	631.9	844.6	15.44	1354
R	974473	974635	164	636.3	856.9	930.8	842.1	11.66	964
R	974799	987609	12812	941.3	833.7	1497.4	847.9	21.23	3270
R	987869	1025453	37586	1471.0	841.4	534.6	1288.5	39.07	3270
R	1025507	1025707	202	548.2	1303.5	553.0	1293.9	0.41	143
R	1025761	1034601	8842	536.9	1292.3	953.7	586.0	32.94	63
R	1034649	1034705	58	968.0	615.2	1193.3	523.3	9.74	499
R	1034865	1034905	42	1182.6	547.1	1185.7	554.1	0.33	77
R	1035003	1035267	266	1175.6	545.0	871.7	705.6	13.94	517
R	1035491	1035571	82	886.5	690.2	1113.0	680.9	9.07	432
R	1035857	1036407	552	1111.1	680.5	542.5	736.4	21.76	550
R	1036873	1036911	40	1099.0	1277.3	1334.6	1280.5	8.62	408
R	1037123	1042465	5344	1333.1	1269.6	1101.7	1160.1	9.72	730
R	1042813	1050729	7918	1371.0	1287.2	1023.6	672.6	29.17	196
R	1051039	1051079	42	1002.1	658.2	961.0	541.0	5.48	228
R	1051367	1051525	160	963.7	561.9	273.3	912.1	28.56	1713
R	1051783	1086113	34332	290.3	873.3	852.4	435.6	26.59	475
R	1086257	1086309	54	819.6	441.3	1206.1	465.2	14.62	519
R	1086535	1086605	72	1172.4	462.8	935.1	567.1	10.03	492
R	1086793	1086803	12	942.2	537.1	957.9	535.0	0.61	65
R	1087445	1087487	44	956.4	538.5	778.7	633.9	7.93	341
R	1087763	1087813	52	789.7	626.2	1087.4	616.8	11.39	447
R	1088137	1088203	68	1066.3	630.8	1125.3	1148.1	21.76	550
R	1088419	1088483	66	1117.5	1117.0	744.7	817.3	19.00	551
R	1088877	1088927	52	759.3	834.3	878.6	619.2	10.43	380
R	1089427	1093235	3810	876.8	624.7	809.9	612.4	2.64	469
R	1093447	1093493	48	802.4	626.1	1102.8	642.0	11.71	513
R	1093665	1093841	178	1062.5	663.2	1284.3	1182.1	23.17	1419
R	1093933	1093941	10	1275.4	1159.6	1270.5	1169.3	0.43	53
R	1094029	1094063	36	1272.0	1170.1	1254.1	1308.6	5.45	274
R	1094461	1094547	88	1262.6	1292.8	787.1	552.4	35.18	725
R	1094749	1094797	50	786.6	567.2	1097.9	499.2	12.63	489
R	1095081	1095125	46	1075.1	508.4	1265.0	516.1	7.47	296
R	1095219	1095229	12	1250.4	518.3	1249.5	512.0	0.27	63
R	1095325	1095377	54	1245.7	502.5	906.8	696.3	15.88	596
R	1095483	1095491	10	927.5	694.5	930.5	683.9	0.49	59
R	1095573	1095607	36	928.6	691.8	1049.8	682.0	4.92	262
R	1095785	1095841	58	1041.5	673.6	1519.4	865.5	20.15	678
R	1096089	1096163	76	1496.4	852.9	629.6	879.9	32.18	742
R	1096385	1096477	94	659.2	890.0	327.0	868.5	11.61	414
R	1096679	1096735	58	335.8	870.6	897.9	573.5	23.77	856
R	1097045	1097071	28	869.3	580.1	937.1	579.3	2.71	165
R	1097407	1097453	48	932.7	586.7	1177.8	481.4	10.78	427
R	1097765	1097817	54	1161.5	489.2	875.5	684.8	14.29	541
R	1098173	1098207	36	894.0	688.1	1016.7	669.9	5.02	255
R	1098541	1098591	52	1017.7	664.3	865.7	472.7	10.37	393
R	1099001	1099043	44	857.9	498.6	1048.7	512.6	7.57	292
R	1099345	1099389	46	1045.3	510.3	919.2	677.2	8.97	342
R	1100021	1100077	58	929.0	671.7	1279.8	802.8	15.16	419
R	1100295	1100337	44	1277.6	796.3	1502.8	830.6	8.68	342
R	1100513	1100581	70	1493.0	841.9	737.4	830.4	28.52	680
R	1100871	1100925	56	759.4	830.1	352.8	857.5	14.59	456
R	1100953	1100969	18	358.2	852.1	358.8	858.6	0.26	69
R	1101093	1101103	12	372.3	854.1	361.7	869.1	0.71	79
R	1101179	1101235	58	364.9	859.0	857.4	476.7	23.80	822
R	1101459	1101467	10	829.3	491.6	832.0	481.9	0.43	54
R	1101503	1101559	58	834.5	472.2	971.8	330.4	7.94	332
R	1101773	1101809	38	956.8	341.9	792.5	354.5	6.28	298
R	1101835	1101845	12	799.0	354.0	809.9	343.4	0.60	61
R	1102065	1102113	50	807.6	360.8	870.8	551.9	8.46	342
R	1102297	1102345	50	864.4	537.0	1096.4	499.6	9.33	351
R	1102549	1102589	42	1087.2	512.6	1252.2	494.1	6.55	280
R	1102783	1102835	54	1240.2	498.8	924.1	692.2	15.16	517
R	1103175	1103219	46	942.2	666.5	675.0	663.8	10.48	403
R	1103587	1103641	56	686.9	680.7	1037.6	512.7	15.57	582
R	1103967	1104003	38	1026.0	512.6	888.1	577.3	6.20	307
R	1104275	1104283	10	910.1	565.0	920.6	563.7	0.42	54
R	1104909	1104955	48	928.2	566.3	1121.5	484.6	8.49	331
R	1105005	1105021	18	1120.5	484.7	1118.6	503.3	0.81	68
R	1105263	1105315	54	1115.5	487.9	889.5	664.6	11.93	389
R	1105595	1105627	34	901.6	653.9	920.5	578.0	3.47	157
R	1106027	1106037	12	911.0	591.2	913.0	580.9	0.46	46
R	1106287	1106345	60	913.8	580.2	1074.3	829.7	12.90	364
R	1106589	1106649	62	1072.4	819.4	553.3	841.2	19.91	521
R	1106875	1106919	46	570.6	852.1	322.4	863.0	8.53	290
R	1106983	1107007	26	325.5	873.5	350.5	854.3	1.12	112
R	1107157	1107179	24	325.5	876.6	329.5	883.4	0.30	61
R	1107215	1107225	12	339.3	881.5	348.8	866.8	0.67	72
R	1107371	1107433	64	334.4	871.2	950.7	634.8	24.34	720
R	1107691	1107715	26	929.2	639.6	921.8	584.2	2.49	146
R	1107949	1107993	46	906.9	604.8	1041.0	515.5	6.66	285
R	1108231	1108271	42	1030.3	513.6	1225.2	489.1	7.79	308
R	1108469	1108527	60	1229.5	488.1	876.7	726.6	17.50	544
R	1108731	1108769	40	904.3	712.0	1052.0	652.9	6.52	292
R	1108957	1109003	48	1033.5	675.1	1111.4	471.1	9.53	380
R	1109157	1109167	12	1097.7	478.8	1095.6	494.1	0.67	66
R	1109255	1109321	68	1098.9	471.3	1423.9	916.7	22.94	609
R	1109509	1109541	34	1407.6	889.5	1502.1	834.2	4.27	191
R	1109785	1109855	72	1502.2	836.5	944.7	576.1	24.25	578
R	1110089	1110131	44	958.1	590.3	994.9	425.8	7.30	303
R	1110319	1110359	42	980.5	460.4	987.4	336.2	5.23	205
R	1110555	1110597	44	984.5	340.6	786.4	341.6	7.55	326
R	1110679	1110689	12	801.1	349.7	801.3	362.1	0.51	64
R	1110757	1114763	4008	816.0	340.2	-60.2	990.0	37.07	1327
R	1115207	1115815	610	477.0	1288.7	332.3	1267.0	5.06	226
R	1116081	1116407	328	337.3	1264.9	494.7	1280.8	5.39	219
R	1116717	1116727	12	487.8	1275.4	478.6	1266.3	0.47	48
R	1117655	1118181	528	474.9	1263.1	494.3	1275.9	0.84	176
R	1118739	1118757	20	497.7	1285.9	455.0	1288.0	1.47	97
R	1119745	1119763	20	433.8	1281.4	473.0	1262.3	1.52	102
R	1120591	1120601	12	486.1	1267.1	499.8	1266.6	0.48	50
R	1121199	1121703	506	505.4	1255.0	455.2	1263.6	1.77	256
R	1121735	1121975	242	297.9	1253.8	297.5	1255.8	0.07	10
R	1122017	1122289	274	297.9	1253.8	297.5	1255.8	0.07	0
R	1122957	1134317	11362	830.4	538.1	1129.3	474.0	11.68	547
R	1134577	1134617	42	1097.6	499.0	1275.1	467.8	6.80	314
R	1134793	1134843	52	1253.6	467.7	850.3	657.8	17.24	594
R	1135061	1135099	40	876.3	647.2	1046.6	630.4	6.56	337
R	1135307	1135465	160	1029.6	646.6	1394.6	832.4	15.89	1251
R	1135665	1135733	70	1391.8	820.6	650.6	874.7	27.55	704
R	1135935	1135991	58	675.7	874.6	1214.5	1294.7	26.13	845
R	1136291	1136327	38	1194.4	1289.6	1363.0	1288.5	6.19	323
R	1136709	1136905	198	1353.7	1284.9	1824.8	1174.6	16.29	520
R	1136991	1137875	886	1750.6	1028.2	937.7	458.5	39.25	1597
R	1137957	1137967	12	947.8	426.4	964.6	416.9	0.79	81
R	1138111	1138173	64	984.7	442.2	556.2	221.6	18.01	545
R	1138247	1138259	14	572.8	242.7	569.6	230.6	0.46	65
R	1138465	1138479	16	530.9	203.4	530.7	222.4	0.68	66
R	1138581	1138649	70	535.8	200.5	1093.8	549.5	24.23	576
R	1138837	1138845	10	1053.2	545.3	1055.4	535.5	0.43	57
R	1138941	1138979	40	1064.1	534.8	1089.7	693.8	6.94	376
R	1139159	1139187	30	1086.9	684.0	1176.6	671.0	3.56	194
R	1139353	1139403	52	1165.4	660.6	1551.4	826.7	15.88	598
R	1139647	1139715	70	1522.4	825.0	763.1	983.7	28.87	644
R	1139995	1140041	48	789.6	986.5	1029.6	831.4	11.63	464
R	1140375	1140435	62	1010.4	846.7	1015.0	466.5	16.53	473
R	1140683	1140723	42	1012.9	501.5	1203.8	486.2	7.43	328
R	1141055	1141101	48	1189.2	515.7	958.6	710.3	12.40	467
R	1141331	1141363	34	980.5	705.6	1069.7	661.5	4.07	228
R	1141563	1141737	176	1069.6	697.8	1198.5	1149.1	19.97	1351
R	1141943	1141987	46	1185.5	1139.1	1296.9	1326.6	8.44	344
R	1142619	1144257	1640	1281.4	1313.0	928.6	913.8	21.46	839
R	1144679	1144735	58	905.6	958.8	1309.7	898.4	16.46	531
R	1145123	1145201	80	1287.1	889.1	850.4	831.8	17.62	563
R	1145455	1145505	52	857.8	820.5	980.6	576.0	12.03	521
R	1146181	1146223	44	982.6	575.7	983.3	678.6	4.56	236
R	1146491	1146655	166	993.2	678.7	955.0	867.8	8.62	1461
R	1146925	1147279	356	495.9	1255.5	382.6	1276.0	3.91	238
R	1147973	1147981	10	381.3	1269.9	392.6	1261.0	0.50	65
R	1148247	1148285	40	397.8	1249.6	561.1	1269.9	5.67	262
R	1148887	1151871	2986	544.8	1277.4	543.5	1283.1	0.22	92
R	1152213	1152553	342	536.7	1301.4	485.8	1297.5	1.77	220
R	1152993	1153013	22	536.7	1301.4	485.8	1297.5	1.69	0
R	1153493	1153503	12	385.9	1266.5	401.8	1272.6	0.58	58
R	1154093	1154147	56	421.7	1280.7	534.3	1274.8	3.90	230
R	1154599	1154615	18	533.2	1269.3	566.6	1269.8	1.19	89
R	1155013	1155203	192	570.2	1265.2	1038.1	538.1	34.88	1550
R	1155377	1155415	40	1032.8	545.5	1179.5	499.9	6.15	293
R	1155693	1155739	48	1175.0	503.7	931.2	721.1	13.70	542
R	1156203	1156247	46	948.6	690.9	1166.4	673.7	8.80	368
R	1156403	1156573	172	1156.9	687.6	1301.7	831.1	8.54	1448
R	1156795	1157021	228	1286.7	809.7	1032.6	413.5	19.54	1407
R	1157421	1157459	40	1025.8	397.3	1180.9	493.1	7.16	330
R	1157487	1157497	12	1177.4	496.6	1174.6	511.5	0.64	68
R	1157723	1157773	52	1170.8	505.2	866.3	650.4	13.30	530
R	1157903	1157917	16	879.9	647.1	885.6	631.7	0.70	60
R	1158211	1158257	48	889.0	660.9	1095.7	702.7	8.31	359
R	1158609	1158663	56	1091.0	692.6	1466.6	867.0	16.10	530
R	1158957	1159017	62	1455.2	855.5	862.9	847.5	22.40	648
R	1159289	1159297	10	877.8	855.1	879.9	845.2	0.44	54
R	1159567	1159625	60	884.7	856.1	471.9	875.6	15.34	433
R	1159859	1159915	58	491.7	905.5	978.8	600.1	22.38	772
R	1160559	1160603	46	969.6	602.6	1239.2	547.5	10.82	462
R	1160907	1160961	56	1231.6	556.8	888.4	715.0	15.16	503
R	1161207	1161243	38	918.4	700.7	984.7	592.1	5.51	233
R	1161845	1161887	44	953.7	620.6	1150.2	728.2	9.21	384
R	1162137	1162171	36	1135.1	717.9	1016.4	689.4	4.93	218
R	1162209	1162225	18	1014.8	670.4	1013.5	684.6	0.64	73
R	1162607	1162665	60	1014.7	682.7	1485.6	841.8	19.19	560
R	1162919	1162989	72	1466.4	840.4	848.7	1095.8	25.53	602
R	1163139	1163271	134	869.6	1104.5	984.3	574.3	23.19	395
R	1163507	1163529	24	984.0	586.0	1003.5	546.5	1.89	134
R	1163857	1163899	44	983.4	551.9	1188.1	492.7	8.39	362
R	1164191	1164243	54	1177.3	512.1	862.1	673.6	14.24	503
R	1164411	1164449	40	887.1	654.5	744.9	702.6	5.97	252
R	1164609	1164653	46	749.3	707.9	1025.2	695.1	10.92	458
R	1164839	1164877	40	1007.9	690.5	1157.5	672.9	6.02	279
R	1165065	1165117	54	1139.6	674.0	1168.8	525.6	6.57	303
R	1165363	1165429	68	1166.7	530.7	878.5	539.0	11.29	448
R	1165867	1165911	46	889.2	528.5	1028.5	336.2	9.64	344
R	1166001	1166021	22	1021.7	349.6	1020.2	345.5	0.17	69
R	1166089	1166127	40	1020.5	355.5	846.7	348.5	6.60	298
R	1166511	1166559	50	852.1	369.0	1135.1	543.7	13.12	477
R	1166813	1166827	16	1127.7	537.7	1156.8	531.0	1.17	96
R	1166991	1167219	230	1159.6	519.3	986.8	688.5	10.06	1714
R	1167671	1167727	58	998.0	676.0	573.2	889.2	18.69	576
R	1168169	1168657	490	603.9	877.1	1042.7	1291.8	23.46	438
R	1168921	1169577	658	1000.4	1302.3	490.4	411.4	39.55	683
R	1169739	1169793	56	488.9	454.3	547.0	200.1	9.82	326
R	1170193	1170295	104	587.9	229.1	974.7	708.7	23.94	554
R	1170551	1170623	74	969.1	686.1	445.4	446.8	21.56	523
R	1171233	1171269	38	488.3	443.3	439.2	500.4	2.81	104
R	1171453	1171465	14	485.4	544.9	494.3	534.0	0.53	70
R	1171621	1172285	666	529.0	535.5	715.0	401.0	8.45	1544
R	1172325	1172493	170	709.2	356.8	1082.1	583.1	16.82	562
R	1172685	1172753	70	1054.9	583.4	1022.2	1278.0	28.38	784
R	1173061	1173101	42	1028.1	1245.4	822.8	1333.5	8.40	413
R	1173427	1173531	106	880.3	1320.8	1349.1	1267.8	18.69	614
R	1173683	1173695	14	1302.2	1279.1	1309.0	1270.2	0.45	63
R	1173723	1174341	620	1315.7	1261.2	1263.8	1283.7	2.24	347
R	1174483	1174499	18	1253.3	1278.8	1234.4	1299.4	1.11	105
R	1174767	1175209	444	1244.1	1292.4	1337.7	1290.8	3.60	673
R	1175497	1175525	30	1329.6	1278.3	1315.6	1284.9	0.60	95
R	1175609	1175695	88	1321.1	1279.0	995.5	727.0	28.28	610
R	1175773	1175791	20	1003.2	734.0	1007.9	748.9	0.78	86
R	1175951	1176005	56	1005.6	746.3	1056.3	534.9	10.66	441
R	1176309	1176355	48	1050.8	526.4	895.3	587.9	7.42	302
R	1176587	1176619	34	909.2	569.0	970.9	608.0	3.29	170
R	1176931	1176955	26	964.5	601.1	958.3	546.9	2.61	148
R	1177317	1177339	24	962.5	561.1	968.7	601.4	1.96	112
R	1178125	1178139	16	994.5	607.4	991.0	625.0	0.87	82
R	1178239	1178405	168	990.6	638.6	1010.5	653.4	1.15	153
R	1178455	1178543	90	1003.4	639.4	1007.5	653.8	0.74	138
R	1178577	1181845	3270	1011.3	666.6	987.4	762.5	4.93	3270
R	1181877	1181909	34	969.3	743.7	969.8	732.5	0.56	117
R	1181993	1182029	38	969.6	727.1	933.8	640.6	4.57	195
R	1182193	1182211	20	943.9	633.9	961.1	612.1	1.31	85
R	1183231	1183243	14	969.8	609.4	966.1	618.8	0.48	57
R	1183383	1183415	34	974.6	615.9	1025.4	686.3	4.09	194
R	1183767	1183807	42	1020.5	696.3	966.3	582.0	6.01	258
R	1183963	1183979	18	962.9	597.0	968.2	578.7	0.90	76
R	1184055	1184075	22	966.7	579.7	971.9	606.8	1.31	91
R	1184437	1184603	168	972.0	618.7	961.2	614.0	0.52	1362
R	1185239	1185247	10	973.1	608.1	973.5	597.5	0.51	61
R	1274971	1274979	10	960.6	541.6	950.9	542.3	0.43	54
R	1285889	1285925	38	962.2	541.1	948.2	531.9	0.77	60
R	1287761	1287769	10	964.6	527.1	956.6	525.7	0.36	46
R	1287839	1287855	18	955.1	526.5	983.2	530.7	1.26	97
R	1288045	1288057	14	979.3	537.4	959.1	539.8	0.91	82
R	1315453	1317783	2332	979.3	537.4	959.1	539.8	0.91	0
R	1364829	1365049	222	979.3	537.4	959.1	539.8	0.92	0
R	1376441	1376589	150	979.3	537.4	959.1	539.8	0.92	0
R	1380949	1380961	14	965.7	527.8	947.4	528.5	0.83	74
R	1400171	1400179	10	956.0	576.2	964.7	577.1	0.40	51
R	1400657	1400665	10	959.4	573.1	952.4	576.0	0.35	43
R	1410907	1410917	12	978.6	559.7	965.4	560.6	0.60	65
R	1411147	1411185	40	958.6	559.2	1038.8	476.6	5.47	226
R	1411289	1411315	28	1045.6	485.2	1113.3	483.6	3.04	164
R	1411465	1411483	20	1114.7	486.9	1146.6	483.9	1.43	97
R	1411583	1411623	42	1149.1	482.9	1293.0	482.0	6.26	266
R	1411771	1411829	60	1281.5	485.2	844.7	527.2	19.31	571
R	1411997	1412043	48	863.8	518.2	1055.4	671.1	11.63	506
R	1412215	1412251	38	1046.0	662.6	1186.9	648.2	6.46	300
R	1412355	1412537	184	1183.2	659.6	934.8	812.9	13.76	1515
R	1412675	1412719	46	931.7	796.3	984.1	612.0	9.71	392
R	1412935	1412957	24	984.5	627.0	969.2	588.7	2.06	127
R	1413033	1413063	32	966.9	590.0	969.5	530.4	2.98	169
R	1413297	1413305	10	965.4	544.0	964.9	553.6	0.48	60
R	1416283	1416379	98	986.3	554.2	1233.3	1272.1	34.30	621
R	1416867	1416905	40	1232.7	1274.0	1390.2	1294.9	6.24	264
R	1417419	1417599	182	1376.2	1290.3	1037.2	561.1	35.38	1540
R	1417801	1417821	22	1039.6	560.2	1040.4	524.8	1.74	119
R	1418055	1418083	30	1036.3	531.3	960.6	542.2	3.44	200
R	1426345	1426363	20	955.1	560.7	984.8	557.1	1.37	96
R	1426467	1426485	20	979.3	551.3	951.0	554.5	1.30	91
R	1448345	1448355	12	963.4	547.6	951.7	546.2	0.54	57
R	1449801	1450449	650	963.4	547.6	951.7	546.2	0.54	0
R	1453173	1453191	20	953.2	547.7	981.5	544.6	1.31	91
R	1453309	1453323	16	976.8	544.8	954.4	548.2	1.04	86
R	1455019	1455383	366	976.8	544.8	954.4	548.2	1.04	0
R	1466449	1466471	24	976.2	510.5	982.9	503.6	0.46	75
R	1471431	1471441	12	989.2	520.5	978.4	514.6	0.57	61
R	1489859	1490805	948	989.2	520.5	978.4	514.6	0.57	0
R	1495803	1495813	12	970.3	519.6	967.5	509.6	0.51	52
R	1511091	1511109	20	975.2	516.4	975.0	508.9	0.37	64
R	1514233	1514241	10	970.3	519.0	972.2	511.0	0.41	50
R	1526753	1527277	526	970.3	519.0	972.2	511.0	0.41	0
R	1537429	1537443	16	972.8	494.5	995.1	500.3	1.05	82
R	1537545	1537559	16	995.9	505.2	975.0	500.8	0.97	82
R	1538233	1538437	206	995.9	505.2	975.0	500.8	0.98	0
R	1540075	1540337	264	995.9	505.2	975.0	500.8	0.98	0
R	1556979	1556989	12	964.1	512.9	975.4	511.4	0.51	53
R	1557073	1557083	12	973.8	512.8	961.3	513.5	0.56	59
R	1557261	1557269	10	954.4	508.9	964.9	507.5	0.48	60
R	1558741	1558977	238	963.5	525.3	972.8	509.3	0.89	1739
R	1620379	1620391	14	977.0	520.8	961.2	522.6	0.72	66
R	1620649	1620689	42	964.7	527.9	1047.1	449.0	5.34	196
R	1620801	1620825	26	1047.9	461.0	1106.9	450.1	2.67	152
R	1621061	1621077	18	1114.0	461.4	1145.6	466.7	1.42	101
R	1621137	1621311	176	1153.5	471.8	1033.9	668.3	11.11	1644
R	1621603	1621653	52	1035.5	657.6	754.7	642.8	12.61	424
R	1621953	1622005	54	768.0	648.1	1154.7	645.3	17.26	640
R	1622185	1622231	48	1140.5	642.0	1210.4	449.5	9.88	336
R	1622429	1622449	22	1200.3	456.0	1152.4	452.2	2.09	138
R	1622619	1622673	56	1150.7	451.9	810.2	534.7	15.42	508
R	1622879	1622935	58	823.5	520.6	1074.9	770.5	16.65	534
R	1623099	1623153	56	1045.1	783.0	783.0	851.2	12.13	345
R	1623339	1623391	54	790.9	856.8	442.0	865.4	14.19	444
R	1623679	1623731	54	445.5	869.7	842.8	855.6	16.26	619
R	1623941	1623989	50	828.5	851.5	1102.5	834.9	12.21	456
R	1624159	1624213	56	1097.1	841.1	1429.0	825.9	14.14	442
R	1624487	1624719	234	1420.2	832.7	1315.2	1311.2	21.13	934
R	1625187	1626241	1056	1025.3	1116.0	1021.7	687.0	20.63	1400
R	1626719	1626765	48	1011.5	678.7	1076.0	528.2	8.01	251
R	1627183	1627205	24	1017.5	525.8	974.4	539.4	2.04	130
R	1627457	1627973	518	969.6	539.4	1356.6	1300.8	37.23	2120
R	1628373	1628395	24	969.6	539.4	1356.6	1300.8	33.66	0
R	1628441	1628463	24	969.6	539.4	1356.6	1300.8	33.55	0
R	1628651	1628669	20	1346.5	1313.6	1301.1	1312.2	1.76	121
R	1629531	1630949	1420	1301.7	1325.9	1266.4	1330.8	1.38	4
R	1630995	1631007	14	1269.5	1324.5	1286.8	1317.4	0.73	64
R	1631851	1632049	200	1296.2	1306.4	1015.2	579.3	34.09	1725
R	1632281	1632305	26	1023.3	589.4	1049.6	637.9	2.67	166
R	1632589	1632649	62	1049.8	643.2	622.7	859.8	21.29	645
R	1632859	1632909	52	631.3	857.7	1040.3	831.8	17.79	687
R	1633223	1633281	60	1022.4	844.1	880.8	653.2	11.44	308
R	1638749	1638757	10	964.7	540.4	956.2	544.2	0.42	51
R	1646165	1646173	10	963.4	538.4	954.3	538.5	0.41	50
R	1666095	1666105	12	981.5	523.0	994.9	524.0	0.60	63
R	1673547	1673555	10	966.1	522.7	957.1	522.7	0.40	50
R	1674223	1674235	14	957.5	518.4	972.1	511.8	0.73	66
R	1677363	1677381	20	965.7	515.3	995.1	516.6	1.31	97
R	1677477	1677497	22	991.6	511.1	955.5	515.9	1.63	112
R	1677987	1677995	10	959.0	520.6	968.3	516.7	0.46	56
R	1687357	1687377	22	954.0	516.5	986.5	514.0	1.46	110
R	1687489	1687507	20	974.8	516.3	949.4	516.6	1.14	77
R	1705605	1705613	10	967.7	515.1	958.4	515.8	0.42	53
R	1726717	1726853	138	967.7	515.1	958.4	515.8	0.42	0
R	1728951	1728963	14	973.1	507.6	968.7	520.7	0.67	63
R	1733825	1734931	1108	968.5	521.4	968.5	521.4	0.00	12
R	1736041	1736257	218	963.4	528.3	939.6	537.2	1.15	1698
R	1745535	1745769	236	963.4	528.3	939.6	537.2	1.16	0
R	1750637	1750651	16	954.2	528.1	931.3	529.5	1.02	84
R	1750901	1750913	14	937.8	535.5	955.8	535.3	0.81	73
R	1754941	1756497	1558	953.3	498.4	953.3	498.4	0.00	50
R	1757649	1758099	452	953.3	498.4	953.3	498.4	0.00	0
R	1765927	1765939	14	963.8	527.4	949.1	522.5	0.70	62
R	1772235	1772243	10	960.5	516.3	950.7	516.2	0.44	56
R	1777699	1777815	118	966.1	545.2	.	.	6.2e+06	1685
R	1784977	1784987	12	971.1	538.9	958.5	541.6	0.58	62
R	1792141	1792151	12	958.2	524.7	965.6	516.1	0.54	57
R	1794463	1795083	622	958.2	524.7	965.6	516.1	0.53	0
R	1804989	1804997	10	972.7	519.7	964.7	517.5	0.38	46
R	1805049	1805235	188	972.7	519.7	964.7	517.5	0.37	0
R	1848897	1848909	14	963.0	551.8	982.3	552.6	0.82	71
R	1848981	1849003	24	984.0	545.7	941.0	557.4	1.90	136
R	1849213	1849223	12	950.6	555.3	962.5	553.7	0.51	54
R	1850601	1850611	12	963.0	547.9	975.8	547.2	0.54	56
R	1850667	1850677	12	970.8	542.1	958.1	540.0	0.55	58
R	1866123	1866167	46	963.4	565.7	1153.1	476.0	8.94	371
R	1866271	1866283	14	1147.9	506.1	1164.8	496.2	0.83	73
R	1866353	1866377	26	1170.5	497.2	1119.4	479.7	2.26	143
R	1866547	1866593	48	1125.8	484.2	1001.9	686.2	10.75	478
R	1866761	1866961	202	1008.3	677.2	1076.9	726.1	3.75	1472
R	1867191	1867225	36	1067.2	691.2	1206.8	683.5	5.94	301
R	1867401	1867449	50	1208.0	693.0	864.5	695.2	14.52	541
R	1867607	1867641	36	866.8	694.9	733.4	686.1	5.61	267
R	1867791	1867843	54	736.8	695.5	1116.8	642.8	16.13	596
R	1867911	1867953	44	1099.6	645.0	1196.6	506.5	7.62	299
R	1868243	1868313	72	1194.5	508.0	1525.4	962.3	24.04	602
R	1868457	1868485	30	1522.4	943.0	1489.7	862.2	3.79	230
R	1868669	1868719	52	1483.2	869.9	1083.5	886.7	16.01	588
R	1868975	1869041	68	1075.6	884.2	457.8	871.2	24.38	632
R	1869323	1869357	36	460.0	881.5	624.9	871.3	6.30	366
R	1869553	1869599	48	613.4	884.3	946.5	879.3	13.60	580
R	1869921	1869961	42	942.0	894.2	1117.4	868.7	7.48	340
R	1870137	1870179	44	1108.2	861.4	999.5	663.0	10.40	407
R	1870463	1870509	48	995.0	656.9	1165.7	492.6	10.39	435
R	1870731	1870775	46	1156.2	479.6	985.2	288.1	10.76	401
R	1871083	1871091	10	976.0	281.7	974.1	292.3	0.45	54
R	1871115	1871159	46	974.1	295.4	966.9	410.1	4.91	326
R	1871415	1871461	48	960.3	424.4	1229.1	470.4	11.05	452
R	1871785	1871833	50	1217.7	469.1	930.6	479.7	11.59	420
R	1872569	1872601	34	942.0	477.1	963.9	558.2	3.79	247
R	1873221	1873261	42	964.8	560.9	855.7	502.8	5.25	181
R	1873465	1873525	62	843.5	498.8	1070.0	747.1	14.82	470
R	1873703	1873745	44	1058.9	778.4	974.6	700.7	5.10	208
R	1873987	1874013	28	970.7	702.3	971.0	637.7	3.03	190
R	1874445	1874479	36	977.0	637.6	924.6	579.7	3.47	153
R	1985555	1985565	12	968.1	529.3	969.0	514.0	0.71	74
R	1988813	1988827	16	976.7	519.8	972.1	539.7	0.95	87
R	1994347	1994357	12	965.7	529.0	977.0	519.3	0.66	68
R	1999167	1999175	10	971.5	516.9	969.1	508.5	0.40	51
R	2000033	2000047	16	966.7	515.9	962.3	536.2	0.97	85
R	2002909	2002935	28	957.0	526.7	1019.6	520.4	2.69	160
R	2003041	2003063	24	1008.0	518.4	959.5	516.7	2.07	121
R	2003463	2003471	10	963.1	512.0	963.0	520.4	0.39	49
R	2027247	2027255	10	978.1	524.4	970.1	522.5	0.35	44
R	2027417	2027425	10	972.7	516.7	971.4	525.5	0.42	52
R	2027535	2027545	12	970.9	516.7	973.1	501.8	0.70	71
R	2032229	2032237	10	968.3	521.0	969.8	510.6	0.49	59
R	2032849	2032867	20	962.6	517.2	959.7	535.8	0.88	75
R	2035013	2035021	10	973.4	514.2	974.8	519.1	0.24	54
R	2035311	2035327	18	972.4	520.8	970.0	507.2	0.65	60
R	2053661	2053675	16	961.0	507.3	959.5	523.7	0.77	70
R	2057701	2057709	10	973.9	494.7	971.2	506.1	0.54	70
R	2059509	2059529	22	976.4	514.8	974.8	506.9	0.38	71
R	2060579	2060785	208	979.6	510.5	977.1	496.2	0.68	1804
R	2105457	2105467	12	979.2	516.1	966.9	515.6	0.52	53
R	2108873	2108885	14	987.4	515.2	982.2	507.2	0.43	41
R	2113489	2113497	10	976.4	524.8	988.0	525.1	0.50	61
R	2113631	2113643	14	988.8	523.4	973.1	521.5	0.68	61
R	2134021	2134029	10	975.7	495.4	975.0	503.8	0.39	49
R	2142899	2142915	18	977.2	496.2	976.0	478.9	0.80	59
R	2157915	2157923	10	980.9	502.4	969.8	505.0	0.49	60
R	2158459	2158477	20	953.6	500.9	985.6	502.5	1.36	97
R	2168051	2168059	10	957.9	516.3	969.4	517.8	0.50	64
R	2210351	2210363	14	979.4	511.9	960.9	505.1	0.85	77
R	2210473	2210489	18	962.1	506.8	991.1	506.0	1.24	93
R	2210613	2210623	12	983.8	515.6	973.4	517.3	0.45	46
R	2212329	2212337	10	978.0	506.1	970.0	505.6	0.34	43
R	2232261	2232271	12	984.5	513.9	972.7	506.5	0.61	61
R	2239399	2239425	28	991.4	487.3	1013.9	427.9	2.87	167
R	2239507	2239539	34	1017.0	437.2	1115.7	430.5	4.14	183
R	2239697	2239715	20	1132.4	431.6	1168.0	428.7	1.48	99
R	2239881	2239923	44	1172.8	427.0	1069.8	625.0	10.09	472
R	2240161	2240195	36	1076.8	624.4	1200.1	622.8	5.24	250
R	2240569	2240681	114	1192.3	627.7	1441.1	912.6	16.51	229
R	2240757	2240851	96	1375.4	934.4	961.6	579.2	23.83	433
R	2241233	2241269	38	966.2	603.0	1020.8	495.2	5.59	258
R	2241561	2241673	114	1015.9	499.4	1234.8	1236.4	33.47	518
R	2242197	2242313	118	1231.0	1244.7	852.3	418.5	38.44	531
R	2242775	2242813	40	792.9	457.8	956.6	424.5	6.97	337
R	2243361	2243397	38	974.9	440.3	948.4	602.3	7.58	403
R	2243583	2243649	68	952.4	591.5	1106.6	242.8	16.50	407
R	2243817	2243855	40	1099.8	233.8	1258.8	226.1	6.17	262
R	2244043	2244107	66	1261.5	222.3	696.8	190.6	21.43	556
R	2244577	2244623	48	765.5	201.2	1020.0	334.0	11.46	470
R	2244873	2244907	36	1023.7	330.9	1135.8	402.3	5.53	304
R	2245161	2245197	38	1137.9	420.1	1288.2	410.2	6.09	274
R	2245475	2245513	40	1279.9	409.5	1082.7	463.5	8.35	376
R	2245865	2245947	84	1094.2	458.7	641.5	-10.5	24.87	550
R	2246323	2246349	28	659.7	16.5	734.9	50.7	2.95	177
R	2247725	2247863	140	730.4	73.5	1066.6	677.3	28.13	346
R	2248143	2248175	34	1085.6	698.6	1104.4	832.1	6.44	359
R	2248357	2248407	52	1103.5	825.2	1444.3	815.6	13.89	454
R	2248591	2248627	38	1438.8	815.8	1589.3	775.1	5.92	243
R	2248775	2248845	72	1584.8	776.1	1128.3	382.0	24.67	631
R	2249131	2249187	58	1124.8	404.1	915.7	621.8	13.29	436
R	2249389	2249549	162	922.9	631.9	1000.9	450.4	9.07	1624
R	2249801	2249825	26	998.2	439.2	980.2	499.6	2.85	171
R	2250707	2250799	94	993.5	515.5	1342.8	1243.4	34.40	702
R	2251233	2251337	106	1339.2	1249.4	1250.5	378.5	36.53	656
R	2251537	2251563	28	1232.2	387.0	1146.5	415.2	3.68	219
R	2251821	2251863	44	1139.3	428.0	1025.7	670.1	12.19	566
R	2252039	2252071	34	1026.3	666.5	1132.3	626.3	4.93	260
R	2252251	2252307	58	1132.5	622.6	1537.9	795.3	17.83	606
R	2252545	2252629	86	1523.0	797.6	708.0	655.5	32.62	677
R	2252731	2252817	88	732.5	670.5	656.5	45.5	25.37	520
R	2253275	2253449	176	693.0	122.4	958.0	1040.0	39.11	2639
R	2253763	2253819	58	942.3	1027.4	1345.5	1256.5	18.87	641
R	2254039	2254075	38	1334.7	1263.7	1463.2	1211.7	5.20	216
R	2254471	2254671	202	1451.6	1220.4	737.3	71.5	50.97	3258
R	2255177	2255199	24	746.1	99.0	695.5	62.1	2.27	141
R	2255551	2255707	158	726.0	62.2	960.2	782.0	30.79	3270
R	2255913	2255963	52	946.5	764.7	650.8	821.9	12.61	421
R	2256269	2256313	46	648.1	829.3	944.0	835.3	12.33	550
R	2256475	2256551	78	934.7	839.8	598.6	365.1	25.26	628
R	2256753	2256945	194	617.4	399.2	1144.7	531.6	22.11	1711
R	2257179	2257201	24	1131.6	497.4	1162.2	452.4	2.41	147
R	2257329	2258139	812	1169.5	456.0	447.8	1291.8	44.07	906
R	2258425	2258463	40	424.9	1283.3	389.0	1156.0	5.18	197
R	2258617	2258703	88	379.2	1152.6	1470.8	1062.3	39.30	990
R	2258915	2259005	92	1448.5	1082.9	1142.8	474.1	29.01	599
R	2259707	2259815	110	1130.7	471.4	1863.8	952.6	32.17	616
R	2259859	2259921	64	1957.0	926.0	2186.4	624.2	12.55	507
R	2259949	2259975	28	2182.0	623.3	2227.4	553.0	2.68	180
R	2260279	2260487	210	2214.0	567.7	999.6	842.0	38.49	929
R	2260769	2260821	54	1010.5	824.7	1064.4	521.9	14.40	546
R	2261177	2261255	80	1055.5	539.1	1427.4	1207.1	32.34	787
R	2262531	2262627	98	1410.2	1218.4	1324.7	541.2	28.94	537
R	2262835	2262881	48	1309.4	537.1	1033.9	609.1	11.74	483
R	2263233	2263437	206	1037.9	614.5	1051.9	607.5	0.68	1641
R	2263851	2263885	36	1058.4	608.0	928.6	574.8	5.72	267
R	2280825	2280847	24	984.5	502.7	941.5	510.4	1.84	129
R	2280935	2280961	28	954.5	499.8	1013.3	503.6	2.48	163
R	2281083	2281097	16	1002.5	510.0	980.6	505.0	0.95	79
R	2333087	2333111	26	990.0	502.2	972.9	506.2	0.75	53
R	2376725	2376733	10	978.6	502.6	968.4	503.1	0.43	57
R	2388617	2388625	10	978.1	507.2	979.3	517.3	0.47	58
R	2414933	2414943	12	973.4	505.9	971.9	495.5	0.48	49
R	2420669	2420693	26	972.8	519.9	1020.2	511.4	2.05	132
R	2420737	2420767	32	1013.1	516.7	938.6	515.5	3.16	156
R	2420895	2420913	20	946.8	515.0	979.0	516.2	1.37	101
R	2422097	2422305	210	984.8	521.5	968.6	518.9	0.70	1819
R	2425857	2425867	12	974.9	503.4	976.1	515.0	0.54	59
R	2431531	2431539	10	981.1	503.8	980.5	513.1	0.43	56
R	2439551	2439561	12	987.3	509.6	980.4	502.4	0.44	46
R	2440859	2440867	10	981.1	515.1	994.7	515.5	0.58	69
R	2449475	2449487	14	986.9	503.6	985.2	520.0	0.77	75
R	2454121	2454129	10	986.0	499.3	985.6	510.3	0.51	65
R	2457853	2457865	14	987.9	517.2	975.5	510.1	0.62	55
R	2459687	2459917	232	969.4	501.1	975.9	516.4	0.77	1756
R	2463133	2463141	10	971.3	497.0	961.2	498.8	0.44	55
R	2464231	2464241	12	983.9	506.9	970.9	501.3	0.61	62
R	2464685	2464879	196	973.8	516.8	973.2	540.1	1.09	1814
R	2465437	2465451	16	976.3	501.0	997.5	488.4	1.07	84
R	2465613	2465641	30	1004.7	482.6	1044.9	426.3	3.07	192
R	2465699	2465725	28	1039.8	431.3	1108.3	407.5	3.04	197
R	2465881	2465897	18	1111.1	415.8	1145.3	414.8	1.42	103
R	2466099	2466227	130	1156.2	426.3	999.6	689.5	13.95	813
R	2466393	2466427	36	999.5	656.9	1120.1	638.2	5.29	288
R	2466625	2466695	72	1120.7	644.0	1270.8	1112.1	22.26	619
R	2466989	2467043	56	1269.5	1105.7	1091.3	854.7	13.65	436
R	2467211	2467263	54	1086.9	863.4	1472.7	805.2	15.76	509
R	2467445	2467515	72	1466.6	817.4	1052.6	328.6	26.89	659
R	2467645	2467679	36	1050.2	336.1	964.1	234.2	5.45	247
R	2467851	2467877	28	957.3	227.7	1035.7	231.1	3.10	176
R	2467915	2468109	196	1041.5	237.6	1343.9	1218.8	41.65	1437
R	2468249	2468343	96	1332.6	1238.8	948.2	756.2	26.44	437
R	2468917	2468969	54	935.9	795.4	1028.6	559.5	11.98	438
R	2469345	2469371	28	1010.6	557.0	957.2	589.6	2.76	178
R	2485257	2485267	12	993.1	523.7	995.6	511.9	0.56	59
R	2493893	2493901	10	1000.9	517.4	987.2	520.2	0.60	72
R	2498217	2498229	14	998.1	515.4	978.9	512.6	0.83	69
R	2503021	2503029	10	980.4	506.9	978.9	517.3	0.49	59
R	2505257	2505267	12	978.7	518.5	965.8	512.5	0.62	68
R	2512377	2512389	14	988.5	522.3	975.9	519.0	0.56	51
R	2512635	2512643	10	983.2	517.6	993.0	516.7	0.42	55
R	2512713	2512731	20	988.6	518.7	956.0	509.8	1.45	102
R	2512829	2512855	28	960.2	516.4	1017.3	513.7	2.44	177
R	2512973	2512993	22	1003.8	520.3	972.7	516.5	1.34	94
R	2515073	2515293	222	987.6	510.9	974.0	558.1	2.30	1672
R	2517441	2517449	10	979.1	501.9	969.8	498.0	0.44	54
R	2517989	2517999	12	970.1	514.5	985.2	515.5	0.65	67
R	2523825	2523841	18	990.1	502.4	972.6	502.7	0.75	60
R	2523909	2523933	26	981.4	500.8	1038.6	495.1	2.45	180
R	2524041	2524065	26	1021.4	493.5	974.1	495.6	2.02	117
R	2531455	2531463	10	989.3	507.4	990.1	517.1	0.45	58
R	2539487	2539497	12	966.9	515.8	982.6	511.9	0.69	72
R	2539859	2539867	10	986.4	507.1	977.0	504.1	0.42	55
R	2545251	2545259	10	979.7	507.1	978.2	498.6	0.40	49
R	2545299	2545309	12	980.3	497.7	983.0	509.8	0.57	58
R	2549013	2549035	24	970.5	512.1	1003.5	506.6	1.43	112
R	2549123	2549147	26	994.3	515.5	956.1	523.3	1.67	117
R	2559119	2559127	10	975.4	515.6	965.3	514.3	0.44	54
R	2577881	2577891	12	974.3	520.7	986.8	510.8	0.72	73
R	2599421	2599445	26	992.0	520.2	929.3	522.5	2.68	160
R	2604227	2604237	12	983.7	517.0	998.1	514.4	0.63	66
R	2636235	2636249	16	962.0	506.8	980.7	507.0	0.81	68
R	2636869	2636879	12	972.8	516.2	957.8	514.6	0.65	66
R	2642471	2642485	16	969.2	510.4	947.3	514.8	0.97	79
R	2642547	2642569	24	951.2	509.9	995.2	507.5	1.91	123
R	2642691	2642709	20	988.3	501.5	952.8	501.2	1.54	108
R	2647145	2647163	20	975.9	510.5	956.1	514.4	0.88	66
R	2650727	2650745	20	962.7	511.5	987.7	512.9	1.08	81
R	2650823	2650841	20	978.5	501.7	947.9	506.3	1.34	98
R	2651379	2651387	10	960.0	506.0	968.1	510.1	0.40	52
R	2651527	2651535	10	965.7	513.8	965.0	522.7	0.42	53
R	2675705	2675713	10	951.9	513.6	939.9	511.5	0.53	66
R	2677593	2677665	74	981.5	528.7	.	.	5.9e+06	2004
R	2684387	2684395	10	965.8	523.2	955.6	519.4	0.47	60
R	2684593	2684609	18	951.6	527.1	949.6	511.0	0.77	60
R	2689187	2689195	10	955.2	516.4	945.9	512.4	0.44	56
R	2693931	2693949	20	968.0	513.6	939.3	511.9	1.24	91
R	2694841	2694849	10	956.0	525.4	955.7	518.0	0.35	44
R	2696937	2696955	20	969.0	509.8	986.6	488.3	1.26	90
R	2697095	2697125	32	982.4	491.0	1003.2	411.0	3.78	220
R	2697229	2697261	34	1001.8	438.8	1098.1	417.2	4.18	228
R	2697521	2697541	22	1105.0	433.4	1142.8	429.6	1.59	109
R	2697685	2697721	38	1148.1	432.5	1286.9	431.4	5.71	252
R	2697895	2697941	48	1287.2	437.9	1073.1	607.3	11.91	439
R	2698163	2698445	284	1072.2	633.3	978.8	481.6	8.20	1189
R	2698781	2698867	88	964.3	500.9	1194.5	1090.4	28.60	608
R	2699215	2699297	84	1197.9	1079.7	1028.7	514.8	26.81	632
R	2699443	2699481	40	998.8	518.5	968.1	383.4	6.28	294
R	2699781	2699813	34	966.8	399.4	881.9	478.1	5.03	238
R	2699931	2699963	34	882.8	491.9	895.6	616.3	5.87	344
R	2700155	2700199	46	897.3	612.7	1140.2	621.5	10.41	463
R	2700235	2700249	16	1139.9	624.8	1137.1	640.0	0.74	62
R	2700493	2700665	174	1136.7	632.5	1077.8	642.6	2.57	1942
R	2700893	2700949	58	1078.5	630.5	1437.8	842.9	17.63	577
R	2701281	2701345	66	1432.2	849.9	1267.1	1253.4	18.34	527
R	2701799	2701891	94	1263.6	1252.8	1081.7	583.0	29.77	577
R	2702103	2702141	40	1061.7	575.5	1075.4	398.3	8.02	395
R	2702357	2702387	32	1067.9	438.1	1164.0	434.1	3.93	205
R	2702665	2702723	60	1155.1	425.0	700.6	399.2	18.21	538
R	2702901	2702933	34	699.5	405.0	584.7	386.1	4.51	247
R	2703089	2703143	56	581.4	395.0	1021.8	494.7	18.08	654
R	2703373	2703559	188	1001.2	512.9	977.6	537.9	1.52	2202
R	2709619	2709629	12	972.4	509.9	968.6	520.4	0.51	51
R	2729121	2729139	20	977.8	514.0	1007.8	509.0	1.29	93
R	2729251	2729271	22	1004.6	508.5	965.0	514.1	1.70	128
R	2739061	2739071	12	957.3	527.3	970.6	527.9	0.57	61
R	2739453	2739463	12	979.3	522.1	964.6	525.1	0.64	65
R	2743921	2743931	12	971.0	512.3	960.2	510.8	0.46	46
R	2746921	2746931	12	974.7	514.2	959.8	515.3	0.63	65
R	2747807	2747825	20	955.4	508.3	980.1	503.3	1.07	82
R	2750405	2750413	10	975.0	511.4	965.9	513.3	0.40	53
R	2750593	2750609	18	965.5	513.2	942.2	517.3	1.01	80
R	2751257	2751265	10	947.9	511.0	947.5	520.2	0.43	53
R	2753481	2753489	10	966.7	504.7	956.9	500.0	0.47	58
R	2761051	2761059	10	969.8	514.4	971.9	506.2	0.39	50
R	2770731	2770739	10	966.1	507.5	966.1	517.9	0.48	61
R	2770929	2770941	14	970.4	505.7	960.9	510.7	0.47	47
R	2775319	2775331	14	957.2	516.7	961.4	506.1	0.52	47
R	2775527	2775547	22	949.3	506.0	986.6	503.2	1.59	119
R	2777103	2777245	144	956.2	519.3	803.6	1286.0	33.70	1671
R	2781759	2781773	16	967.5	502.3	947.4	509.1	0.92	73
R	2796723	2796743	22	967.6	503.6	989.4	493.9	1.04	82
R	2806669	2806683	16	969.2	499.2	951.6	497.8	0.75	64
R	2807021	2807039	20	958.9	502.8	984.6	500.4	1.10	82
R	2830425	2830441	18	976.5	499.9	952.4	506.5	1.07	80
R	2854203	2854219	18	957.8	500.4	980.1	502.5	0.95	73
R	2855487	2855495	10	972.4	515.2	965.1	508.6	0.44	55
R	2869483	2869503	22	965.6	502.4	933.1	497.0	1.41	100
R	2869673	2869695	24	940.9	497.5	979.0	503.2	1.65	119
R	2870283	2870291	10	968.4	516.7	959.2	515.6	0.40	50
R	2873219	2873229	12	959.4	498.9	961.1	487.4	0.54	55
R	2878587	2878595	10	969.0	517.8	970.9	508.7	0.43	58
R	2879099	2879107	10	978.1	521.2	968.0	520.1	0.44	53
R	2883369	2883389	22	963.8	515.7	933.3	522.7	1.35	98
R	2883461	2883485	26	951.5	516.0	1001.0	506.7	2.17	147
R	2883599	2883623	26	994.5	524.4	948.8	524.5	1.97	129
R	2887659	2887669	12	963.3	506.8	951.6	503.7	0.52	55
R	2889699	2889713	16	954.4	512.5	972.3	515.1	0.78	66
R	2910757	2910765	10	960.8	507.3	971.6	507.5	0.46	62
R	2912381	2912401	22	982.3	503.4	997.1	474.1	1.50	106
R	2912575	2912613	40	988.9	473.4	1078.0	403.5	4.92	224
R	2912761	2912787	28	1080.2	426.9	1153.2	424.2	3.06	187
R	2913057	2913093	38	1158.4	421.9	1297.4	424.8	5.69	264
R	2913197	2913207	12	1296.0	433.9	1297.7	447.1	0.59	60
R	2913235	2913445	212	1288.6	464.4	985.1	684.1	16.39	1782
R	2913599	2913629	32	975.2	660.3	1072.0	651.3	4.22	246
R	2913769	2913825	58	1078.2	652.9	1403.7	832.9	16.00	542
R	2914065	2914133	70	1391.3	836.8	1056.6	316.9	26.82	714
R	2914253	2914287	36	1052.5	345.4	969.3	232.5	5.80	289
R	2914517	2914569	54	965.9	243.0	613.6	371.4	14.75	499
R	2914725	2914929	206	629.3	393.0	1158.2	1272.5	42.07	1607
R	2915323	2915357	36	1141.5	1268.5	1276.1	1238.7	5.39	274
R	2916027	2916259	234	1267.8	1238.4	1027.8	673.4	26.67	1130
R	2916643	2916687	46	1012.4	667.1	834.6	576.7	8.65	299
R	2916849	2916909	62	837.3	573.3	983.7	571.4	6.20	302
R	2923243	2923261	20	982.9	497.5	1006.0	500.3	0.98	78
R	2923495	2923505	12	989.9	499.3	977.1	498.8	0.54	54
R	2925743	2925753	12	993.9	503.9	1007.4	502.4	0.58	60
R	2925977	2925997	22	994.1	506.1	975.7	509.0	0.79	72
R	2941389	2941397	10	979.4	512.3	971.2	510.3	0.36	45
R	2956123	2956131	10	972.3	516.1	962.5	512.5	0.45	56
R	2957453	2957461	10	964.2	525.5	954.1	522.1	0.46	59
R	2961113	2961121	10	963.8	510.8	954.9	509.2	0.39	46
R	2965077	2965085	10	950.4	528.6	941.7	526.4	0.39	48
R	2967097	2967105	10	966.4	510.0	967.8	518.4	0.40	49
R	2987215	2987229	16	952.4	515.6	935.6	513.6	0.72	65
R	2987317	2987331	16	951.0	519.5	973.6	519.8	0.96	90
R	2987419	2987431	14	957.3	520.9	937.7	520.9	0.83	74
R	2987787	2987795	10	947.8	519.3	957.0	516.0	0.42	53
R	2988831	2988841	12	954.9	531.6	957.7	518.7	0.61	61
R	2989879	2989887	10	959.4	512.0	968.0	508.6	0.40	52
R	3001355	3001365	12	961.8	506.3	973.1	503.0	0.50	51
R	3002641	3002651	12	962.6	509.3	976.3	507.4	0.59	59
R	3024783	3024791	10	970.7	523.6	960.0	521.0	0.47	60
R	3037243	3037265	24	952.3	518.5	987.7	509.3	1.56	117
R	3037367	3037387	22	975.3	515.5	940.3	516.5	1.49	103
R	3061615	3061631	18	972.0	513.2	991.8	506.6	0.90	68
R	3061885	3061893	10	976.8	516.7	966.0	520.1	0.49	61
R	3102543	3102553	12	960.3	514.4	972.1	513.0	0.51	51
R	3113669	3113689	22	981.1	511.6	1019.3	492.0	1.84	120
R	3113827	3113857	32	1010.3	486.9	1064.1	428.2	3.47	218
R	3113967	3113991	26	1059.6	430.9	1122.2	422.9	2.61	161
R	3114197	3114241	46	1125.5	432.0	1297.1	443.9	6.95	260
R	3114309	3114465	158	1298.4	444.9	1081.3	687.1	14.26	2146
R	3114739	3114823	86	1089.6	679.3	1208.5	309.1	17.16	340
R	3114905	3114931	28	1199.6	323.6	1236.8	254.8	3.18	207
R	3115149	3115199	52	1235.4	253.2	903.9	207.5	12.98	432
R	3115367	3115409	44	908.2	207.2	723.9	192.8	7.08	269
R	3115601	3115655	56	728.4	189.3	1179.2	221.3	17.25	600
R	3115739	3115943	206	1172.2	227.6	1408.5	1204.4	40.56	1853
R	3116577	3116649	74	1394.9	1194.4	1053.3	1019.9	15.79	355
R	3116833	3116911	80	1037.3	1023.7	1177.0	1308.0	13.57	351
R	3116947	3117009	64	1189.5	1304.6	914.5	1307.7	10.87	259
R	3117445	3117505	62	925.8	1313.2	1347.9	1220.4	16.92	561
R	3117885	3118037	154	1298.6	1237.6	1001.3	605.9	31.01	1096
R	3118369	3118519	152	1007.4	575.0	846.7	457.0	8.87	2331
R	3118891	3118939	50	827.6	433.0	1006.5	814.3	19.69	825
R	3119253	3119393	142	1013.3	815.0	920.8	551.7	13.77	2119
R	3119473	3128359	8888	909.6	523.2	964.8	717.5	9.60	2323
R	3128837	3128939	104	1022.9	1135.5	992.6	303.7	34.25	658
R	3129507	3129577	72	962.8	313.6	960.9	1002.9	29.33	751
R	3130021	3130087	68	961.5	998.3	989.6	441.0	24.36	607
R	3130311	3130319	10	979.0	417.4	979.8	426.4	0.39	52
R	3130705	3130729	26	992.7	431.2	1010.8	494.6	2.87	207
R	3131065	3131081	18	1009.5	484.3	1016.2	504.2	0.92	114
R	3131453	3131491	40	1005.2	472.5	1157.9	423.2	6.42	298
R	3132067	3132111	46	1161.8	403.2	955.6	485.6	8.87	358
R	3132321	3132333	14	957.3	476.2	953.9	490.4	0.64	69
R	3132409	3132431	24	955.3	498.1	1003.1	508.4	2.00	148
R	3132627	3132689	64	1003.0	484.4	944.3	1098.5	26.69	714
R	3132713	3132729	18	947.4	1125.9	945.1	1168.7	1.76	119
R	3133101	3133139	40	949.1	1190.3	774.9	1312.7	7.97	372
R	3133607	3133765	160	777.8	1315.6	665.0	300.3	39.42	1960
R	3133829	3133839	12	675.3	313.1	681.3	325.1	0.55	56
R	3133965	3134013	50	683.4	320.0	636.7	269.1	2.72	155
R	3134241	3134277	38	641.6	267.3	686.3	179.8	3.84	198
R	3134323	3134337	16	678.4	202.4	685.5	189.6	0.57	57
R	3134917	3134939	24	695.7	193.3	694.1	233.4	1.58	112
R	3137121	3137141	22	708.3	247.6	659.6	242.2	1.82	122
R	3137487	3137557	72	654.9	227.9	1030.6	503.8	18.39	532
R	3137717	3137741	26	1034.0	512.8	1041.5	447.5	2.89	175
R	3137933	3137961	30	1044.1	435.1	1013.9	485.9	2.52	141
R	3140385	3140421	38	1025.9	513.2	1053.2	648.1	6.16	329
R	3140573	3140613	42	1061.4	654.2	1239.7	641.4	7.14	274
R	3140823	3140873	52	1239.9	640.6	1478.2	861.5	13.10	478
R	3141033	3141075	44	1476.9	858.9	1571.9	795.4	4.26	182
R	3141199	3141271	74	1570.4	810.8	863.4	1324.9	32.03	786
R	3141611	3141639	30	876.5	1309.4	787.9	1312.9	3.23	190
R	3141789	3141869	82	790.6	1306.3	1099.7	512.1	33.98	910
R	3142085	3142105	22	1071.7	535.8	1030.8	537.3	1.64	104
R	3142253	3142395	144	1027.8	553.6	1016.4	509.9	2.00	2305
R	3142467	3142475	10	1008.7	498.6	1007.0	488.6	0.45	53
R	3142593	3142663	72	1016.4	484.6	1099.4	1204.9	29.94	857
R	3142895	3143005	112	1103.8	1195.1	603.5	203.1	42.68	962
R	3143319	3143341	24	653.9	220.5	692.7	256.7	2.02	140
R	3143631	3143687	58	696.9	264.0	1008.3	524.3	16.27	611
R	3143921	3143943	24	981.2	537.8	1016.4	509.1	1.91	135
R	3144071	3144079	10	1020.2	525.5	1026.6	517.5	0.44	58
R	3145721	3145749	30	1011.7	493.3	1083.7	543.7	3.66	190
R	3145873	3145907	36	1094.1	555.4	1202.2	607.7	4.90	237
R	3146061	3146091	32	1210.5	620.1	1101.6	619.1	4.35	220
R	3146251	3146443	194	1095.5	637.2	1095.0	1337.9	28.20	555
R	3146795	3146845	52	1084.7	1331.4	1441.9	1236.1	13.10	410
R	3147331	3147429	100	1420.8	1243.6	1064.1	577.9	30.05	496
R	3147871	3147901	32	1031.6	611.6	1034.1	540.4	3.17	156
R	3148821	3148843	24	1022.2	491.2	972.4	496.3	1.99	121
R	3440665	3440673	10	949.0	523.1	948.6	530.3	0.34	45
R	3452513	3452521	10	948.3	521.6	948.8	528.9	0.35	43
R	3467899	3467907	10	946.2	536.8	946.1	528.9	0.37	47
R	3495011	3495021	12	942.3	524.3	942.1	534.6	0.48	50
R	3537043	3537147	106	942.3	524.3	942.1	534.6	0.49	0
R	3539315	3539369	56	942.3	524.3	942.1	534.6	0.49	0
R	3541167	3542185	1020	942.3	524.3	942.1	534.6	0.49	0
R	3550169	3553049	2882	942.3	524.3	942.1	534.6	0.49	0
R	3571395	3571591	198	953.7	555.8	950.6	557.2	0.15	1664
R	3582407	3582417	12	951.3	527.8	950.4	516.1	0.56	55
R	3590667	3590683	18	944.9	520.3	966.8	499.0	1.39	105
R	3590921	3590945	26	975.5	494.3	1009.8	444.3	2.77	162
R	3591057	3591089	34	1024.9	447.0	1119.9	454.6	4.08	202
R	3591337	3591389	54	1133.6	466.0	963.4	281.7	10.90	310
R	3591567	3591733	168	959.4	282.6	1116.4	501.0	11.83	2293
R	3591921	3591967	48	1111.6	484.1	938.9	681.8	12.03	486
R	3592191	3592227	38	952.3	668.6	1100.9	671.6	6.50	320
R	3592333	3592435	104	1092.6	676.1	1331.0	1016.8	18.87	396
R	3592831	3592871	42	1300.9	1030.5	1189.3	1097.6	5.54	205
R	3592963	3593019	58	1177.1	1095.0	1026.6	840.7	13.61	363
R	3593157	3593223	68	1025.3	836.6	1027.0	421.6	19.81	511
R	3593299	3593333	36	1016.9	416.3	993.8	297.3	5.42	257
R	3593537	3593559	24	991.8	304.8	937.6	297.5	2.28	117
R	3593689	3593767	80	930.0	293.9	905.1	787.8	22.84	573
R	3593969	3594003	36	906.7	773.7	985.7	847.9	5.03	257
R	3594153	3594203	52	984.1	847.2	1249.9	849.8	11.46	416
R	3594523	3594587	66	1249.1	855.8	919.9	669.3	16.82	441
R	3594811	3594829	20	929.1	649.4	985.0	630.3	2.61	186
R	3620813	3620827	16	952.7	531.9	930.6	530.0	0.97	79
R	3624299	3624307	10	952.8	534.6	953.4	527.1	0.36	46
R	3630687	3630695	10	948.6	533.0	939.7	534.8	0.40	49
R	3647593	3647601	10	939.5	534.8	947.0	528.5	0.45	57
R	3648105	3648255	152	939.5	534.8	947.0	528.5	0.45	0
R	3649909	3650815	908	951.2	514.6	951.2	514.6	0.00	19
R	3652017	3652223	208	951.2	514.6	951.2	514.6	0.00	0
R	3661627	3662187	562	.	.	956.3	509.0	6.5e+06	76
R	3662493	3662501	10	946.6	526.2	939.6	522.1	0.36	46
R	3663951	3663959	10	950.7	538.4	950.9	530.4	0.39	49
R	3664481	3664727	248	950.7	538.4	950.9	530.4	0.39	0
R	3677895	3677967	74	955.4	547.9	939.7	1225.2	30.24	1512
R	3684565	3684575	12	943.4	532.7	959.0	534.3	0.69	70
R	3685623	3685635	14	956.0	556.8	940.5	555.7	0.68	63
R	3685953	3685961	10	937.8	545.1	946.8	544.7	0.40	50
R	3719543	3719553	12	948.9	526.9	958.2	535.4	0.58	61
R	3719613	3720067	456	948.9	526.9	958.2	535.4	0.58	0
R	3724419	3724427	10	959.4	521.5	956.6	532.1	0.53	65
R	3724515	3725109	596	959.4	521.5	956.6	532.1	0.53	0
R	3732489	3732503	16	960.5	519.6	942.1	524.1	0.84	66
R	3732931	3732943	14	945.7	510.7	962.5	515.7	0.78	71
R	3740315	3740331	18	951.4	525.4	980.5	521.2	1.30	98
R	3740423	3740435	14	968.8	525.1	949.0	528.1	0.88	79
R	3742343	3742537	196	959.9	537.8	933.9	1027.4	23.34	1776
R	3745097	3745105	10	956.2	515.4	955.9	507.7	0.37	47
R	3746877	3746887	12	968.5	518.8	957.0	524.0	0.57	58
R	3748333	3748343	12	963.2	515.9	953.9	514.0	0.42	50
R	3748483	3748637	156	963.2	515.9	953.9	514.0	0.42	0
R	3751045	3751055	12	961.8	518.0	949.0	521.4	0.59	60
R	3756059	3756067	10	957.8	528.5	948.8	523.0	0.48	60
R	3756139	3756155	18	950.8	532.9	977.2	535.2	1.17	95
R	3756389	3756401	14	971.5	519.9	954.9	521.0	0.73	63
R	3757171	3757179	10	961.4	524.0	952.6	525.9	0.40	52
R	3757887	3758071	186	961.4	524.0	952.6	525.9	0.40	0
R	3763253	3764779	1528	961.4	524.0	952.6	525.9	0.40	0
R	3781109	3781119	12	990.8	517.7	989.5	504.9	0.59	59
R	3783431	3783445	16	990.6	504.2	988.5	489.7	0.66	64
R	3785183	3785195	14	1015.5	509.8	1001.7	499.9	0.73	81
R	3785453	3785479	28	987.8	495.8	994.5	495.3	0.28	66
R	3785531	3785541	12	989.0	505.2	990.6	492.8	0.57	57
R	3785799	3785833	36	974.2	505.9	987.2	509.4	0.56	79
R	3785919	3785927	10	990.0	485.3	995.9	491.3	0.37	56
R	3786063	3786085	24	980.9	510.2	967.1	514.5	0.61	54
R	3788077	3788125	50	984.0	509.8	998.0	510.5	0.58	69
R	3788355	3788365	12	1001.4	504.7	1003.3	488.4	0.74	74
R	3789619	3789631	14	995.4	489.5	989.0	503.4	0.68	69
R	3789657	3789669	14	993.3	493.9	990.2	496.7	0.18	68
R	3789911	3789927	18	995.1	499.1	998.1	500.8	0.15	65
R	3789959	3790081	124	998.7	498.3	994.5	494.3	0.25	124
R	3790545	3790619	76	990.6	506.9	992.9	507.5	0.10	118
R	3802521	3802539	20	956.8	529.7	938.1	504.9	1.37	107
R	3802663	3802687	26	947.0	504.5	993.4	463.6	2.66	158
R	3802799	3802835	38	995.0	455.6	1118.7	414.8	5.37	268
R	3803121	3803183	64	1133.4	445.0	985.1	652.0	11.23	438
R	3803365	3803389	26	984.0	669.5	1051.8	657.8	2.91	170
R	3803661	3803695	36	1060.5	662.8	1188.8	661.3	5.38	263
R	3803871	3803921	52	1184.5	659.5	806.7	661.3	15.68	562
R	3804065	3804095	32	815.8	654.7	712.7	656.4	4.20	208
R	3804163	3804421	260	718.6	658.2	877.5	1221.6	25.14	1099
R	3804643	3804691	50	867.1	1219.1	1289.9	1154.4	16.67	662
R	3805409	3805653	246	1259.9	1156.8	972.8	617.3	26.48	908
R	3805913	3805945	34	967.4	628.9	1094.4	636.6	5.30	276
R	3806265	3806291	28	1102.1	645.8	1030.6	643.1	2.98	176
R	3806419	3806459	42	1020.0	654.7	833.2	647.5	7.73	328
R	3806805	3806843	40	842.7	638.6	1003.4	543.9	7.86	380
R	3807485	3807517	34	975.6	543.7	1042.4	641.7	5.28	264
R	3807731	3807795	66	1038.2	643.9	746.6	851.1	15.25	394
R	3807955	3807991	38	736.7	863.4	910.6	824.8	7.32	378
R	3808203	3808259	58	908.3	846.3	1277.8	799.7	15.26	455
R	3808679	3808755	78	1281.8	806.5	945.5	625.2	16.05	355
R	3844087	3844095	10	955.2	536.7	956.3	527.5	0.43	53
R	3850843	3850851	10	945.0	538.0	932.1	539.8	0.55	66
R	3869239	3869255	18	938.8	538.2	960.7	534.6	0.93	72
R	3893075	3893083	10	958.6	552.0	948.5	548.0	0.46	58
R	3920143	3920153	12	935.2	543.4	921.0	546.1	0.60	64
R	3921839	3921851	14	941.9	547.6	927.7	540.4	0.67	60
R	3922327	3922335	10	936.3	541.6	946.6	540.5	0.43	54
R	3926341	3926349	10	945.7	543.3	937.3	537.3	0.44	55
R	3931075	3931285	212	942.9	536.6	937.3	544.4	0.42	1569
R	3934165	3934181	18	939.4	554.1	913.5	556.9	1.08	87
R	3934255	3934293	40	921.8	552.5	960.0	543.8	1.63	186
R	3934379	3934399	22	972.9	550.5	927.2	550.5	1.89	130
R	3935793	3935925	134	951.5	558.4	.	.	5.8e+06	1745
R	3938229	3938241	14	944.8	556.2	925.3	563.8	0.88	77
R	3938341	3938367	28	925.1	550.1	976.8	551.9	2.14	156
R	3938479	3938503	26	968.5	555.2	928.1	552.7	1.68	115
R	3961127	3961147	22	946.0	554.0	936.6	545.1	0.56	67
R	3968979	3968989	12	952.9	536.5	940.9	539.4	0.51	53
R	3969115	3969129	16	942.2	551.7	961.0	542.8	0.88	73
R	3969531	3969541	12	957.0	543.1	943.3	545.2	0.57	58
R	3970423	3970615	194	945.3	559.2	949.6	588.9	1.37	1583
R	3981019	3981029	12	949.4	542.0	961.7	540.5	0.51	50
R	3984353	3984361	10	941.9	541.5	942.7	548.8	0.33	44
R	3985653	3985661	10	928.8	557.9	940.0	558.1	0.46	61
R	3990617	3990629	14	948.0	542.3	932.6	549.2	0.71	64
R	3990955	3990963	10	940.4	544.4	949.1	541.0	0.39	50
R	3991115	3991301	188	956.9	553.2	964.3	579.3	1.24	1751
R	3991725	3991755	32	959.5	553.5	989.3	481.1	3.50	214
R	3991895	3991931	38	985.3	499.1	1094.2	449.9	4.98	242
R	3992093	3992115	24	1094.8	466.3	1143.8	458.7	2.02	133
R	3992257	3992297	42	1145.4	464.3	1030.9	662.0	10.19	494
R	3992523	3992669	148	1033.8	673.8	1137.5	714.4	4.74	1338
R	3992893	3992951	60	1125.9	701.0	980.8	382.7	15.42	428
R	3993103	3993135	34	971.9	387.1	1020.4	303.0	4.04	183
R	3993303	3993449	148	1030.1	302.2	1170.7	545.3	11.90	1020
R	3993651	3993711	62	1151.3	547.9	1545.9	867.0	20.64	604
R	3994055	3994093	40	1553.3	860.6	1369.9	873.1	6.81	314
R	3994287	3994333	48	1373.2	880.1	1318.0	1130.5	10.73	413
R	3994633	3994793	162	1315.1	1129.5	1096.3	470.5	29.19	2549
R	3995013	3995061	50	1079.1	466.5	747.3	453.3	13.23	465
R	3995311	3995347	38	745.4	455.7	917.7	459.3	6.87	365
R	3995839	3995881	44	914.8	468.7	981.3	288.2	8.21	307
R	3996167	3996343	178	983.2	285.2	996.1	584.2	13.07	2317
R	3996473	3996485	14	978.4	558.4	977.5	541.9	0.76	65
R	3996531	3996549	20	983.7	556.1	986.9	541.8	0.67	73
R	3996681	3996723	44	989.9	567.5	1017.1	754.6	8.72	343
R	3996933	3996983	52	1017.1	750.9	1210.3	896.9	10.38	369
R	3997623	3997651	30	1220.8	891.6	1139.1	845.0	3.94	200
R	3997901	3997961	62	1126.1	833.3	905.5	526.0	16.64	493
R	3998277	3998305	30	905.1	542.6	988.7	550.9	3.45	194
R	3998553	3998579	28	996.8	535.1	943.8	574.9	2.84	200
R	4008297	4008315	20	970.8	559.8	967.3	557.8	0.17	67
R	4009305	4009313	10	962.6	545.7	962.1	548.8	0.14	54
R	4009377	4009397	22	959.8	564.9	966.5	548.4	0.80	84
R	4015253	4015261	10	974.7	550.9	965.1	554.6	0.43	55
R	4016913	4016943	32	964.7	542.4	982.7	535.7	0.80	84
R	4017231	4017247	18	960.9	546.7	956.9	548.1	0.18	55
R	4017285	4017299	16	972.6	544.4	990.6	550.1	0.78	68
R	4017923	4017951	30	961.5	544.4	967.9	552.4	0.45	110
R	4018583	4018593	12	960.8	543.2	961.1	549.2	0.27	56
R	4022093	4022117	26	959.0	545.4	959.3	527.3	0.82	68
R	4022955	4022963	10	952.6	546.1	953.7	554.2	0.37	46
R	4023085	4023093	10	956.0	551.6	964.7	545.5	0.45	57
R	4023353	4023375	24	955.5	545.9	948.5	538.9	0.43	73
R	4023431	4023443	14	959.4	543.0	969.5	530.5	0.70	64
R	4024091	4024099	10	984.6	547.4	973.7	548.1	0.45	55
R	4024283	4024305	24	963.6	543.9	958.6	563.9	0.93	77
R	4024357	4024371	16	965.9	555.5	970.7	538.5	0.80	69
R	4026093	4026101	10	968.7	542.9	962.9	551.2	0.45	55
R	4026277	4026297	22	968.0	558.4	989.7	544.4	1.10	71
R	4026553	4026567	16	975.7	548.4	963.4	556.5	0.63	60
R	4027643	4027659	18	970.1	559.9	968.1	541.9	0.82	76
R	4028093	4028101	10	965.2	564.3	965.3	553.4	0.50	67
R	4031031	4031049	20	955.4	540.8	971.7	533.9	0.74	77
R	4032501	4032519	20	964.8	539.4	967.6	560.2	0.96	86
R	4033005	4033307	304	970.8	557.2	992.6	734.4	8.25	1066
R	4067369	4067381	14	955.4	554.1	936.3	555.0	0.80	71
R	4068837	4068845	10	947.9	570.1	948.1	561.7	0.39	49
R	4068879	4068887	10	946.7	559.8	947.3	571.1	0.53	70
R	4074447	4074455	10	949.6	561.6	951.2	569.8	0.39	49
R	4074953	4074967	16	950.0	568.8	927.0	571.5	0.97	80
R	4083099	4083115	18	953.8	555.4	951.5	571.8	0.77	66
R	4083783	4083811	30	952.2	569.5	950.0	573.6	0.21	65
R	4090053	4090061	10	944.1	558.7	942.9	568.2	0.44	57
R	4090143	4090319	178	944.2	571.1	961.0	620.1	2.40	1533
R	4102799	4102807	10	954.3	541.1	950.6	549.5	0.42	52
R	4103121	4103131	12	962.3	556.5	967.2	550.9	0.33	57
R	4106637	4106649	14	942.0	551.6	962.1	554.6	0.86	74
R	4106735	4106749	16	957.6	556.3	932.8	555.6	1.04	85
R	4107457	4107467	12	939.7	544.2	948.1	538.9	0.43	43
R	4111251	4111269	20	959.9	544.8	969.2	555.3	0.62	61
R	4111363	4111379	18	969.3	554.5	970.1	536.9	0.82	67
R	4111731	4111739	10	958.0	555.6	954.4	565.4	0.48	66
R	4111775	4111783	10	951.2	563.8	950.7	552.3	0.53	66
R	4112313	4112483	172	954.5	559.4	960.0	579.2	0.95	1546
R	4112719	4112727	10	959.3	549.7	957.5	558.5	0.42	51
R	4115237	4115245	10	946.5	541.9	955.5	536.1	0.47	58
R	4120549	4120559	12	953.5	548.8	939.2	548.5	0.60	60
R	4121399	4121409	12	936.9	553.4	947.1	547.2	0.52	55
R	4130429	4130447	20	938.2	558.1	956.7	541.4	1.09	78
R	4156925	4156933	10	952.5	554.1	953.5	545.3	0.41	49
R	4158663	4158677	16	952.9	539.4	948.7	554.4	0.72	63
R	4160879	4160889	12	950.7	537.8	942.8	533.1	0.40	40
R	4165547	4165561	16	945.9	547.9	962.7	540.5	0.78	63
R	4175101	4175119	20	933.8	551.4	935.4	569.0	0.82	72
R	4186381	4186391	12	944.7	548.4	937.9	560.0	0.61	61
R	4200847	4200855	10	935.6	561.8	935.5	553.5	0.39	50
R	4201629	4201645	18	932.7	562.4	908.5	559.8	1.03	80
R	4201735	4201757	24	920.7	563.2	952.8	556.6	1.38	103
R	4202933	4203125	194	930.1	558.8	830.4	1068.5	23.38	1590
R	4204495	4204505	12	940.2	552.0	940.0	539.2	0.60	60
R	4204897	4204909	14	940.9	539.9	957.1	542.6	0.69	65
R	4205035	4205045	12	946.8	553.9	935.0	553.2	0.50	50
R	4207395	4207407	14	941.4	544.7	929.1	525.5	1.03	88
R	4207687	4207757	72	926.6	533.7	1107.5	455.3	8.35	307
R	4207803	4207843	42	1115.9	445.5	1237.0	355.5	6.32	321
R	4208113	4208155	44	1242.7	382.7	1307.4	271.5	5.35	190
R	4208373	4208577	206	1308.4	282.0	860.3	345.2	17.81	1963
R	4208781	4208821	42	852.7	331.0	1024.4	324.1	6.89	269
R	4208989	4209023	36	1023.7	327.1	1139.2	282.6	5.01	240
R	4209221	4209271	52	1141.7	280.5	902.9	263.4	9.48	410
R	4209603	4209741	140	916.4	269.0	1212.7	856.5	28.24	656
R	4210019	4210071	54	1204.2	848.7	945.1	676.5	13.41	433
R	4210341	4210373	34	942.9	672.9	1073.9	677.5	5.52	299
R	4210625	4210783	160	1071.1	686.4	1256.2	1009.7	16.57	1101
R	4211325	4211403	80	1247.2	979.4	977.8	485.1	24.79	564
R	4212255	4212307	54	939.2	486.7	655.3	377.6	12.14	372
R	4212849	4212993	146	723.6	407.5	1045.1	619.3	16.06	2178
R	4213163	4213371	210	1015.8	605.7	809.3	1261.0	28.89	2172
R	4213397	4213405	10	819.4	1260.3	832.4	1257.9	0.50	62
R	4213847	4213893	48	846.9	1251.5	1166.9	1182.0	12.79	550
R	4214141	4214239	100	1137.5	1187.1	976.6	462.0	31.92	631
R	4214437	4214477	42	978.1	479.9	1214.3	456.2	9.74	413
R	4214641	4214667	28	1206.2	463.8	1132.2	479.7	3.11	205
R	4214887	4214929	44	1129.5	485.3	958.6	669.4	11.08	448
R	4215251	4215293	44	956.9	669.7	795.9	693.7	6.83	230
R	4215489	4215635	148	805.7	699.4	314.1	891.6	20.10	1114
R	4215877	4215949	74	330.8	859.6	745.9	469.7	22.70	617
R	4216095	4216139	46	754.7	475.9	693.6	363.1	5.50	226
R	4216291	4216475	186	699.8	369.9	1111.8	318.0	16.60	2056
R	4216821	4217131	312	1084.1	294.3	788.5	1042.3	34.43	2573
R	4217261	4217295	36	795.2	1014.8	847.3	898.1	5.71	342
R	4217751	4217799	50	833.4	905.1	586.9	862.7	10.09	338
R	4218171	4218223	54	584.4	858.5	333.7	827.8	9.28	301
R	4218909	4218939	32	335.0	822.8	434.7	831.8	3.55	188
R	4219223	4219263	42	433.0	835.8	628.9	850.9	7.45	318
R	4219527	4219567	42	624.6	854.5	794.2	867.8	6.87	282
R	4219847	4219895	50	798.7	872.8	1045.2	855.1	10.30	348
R	4220767	4220989	224	1050.2	855.9	1116.2	353.3	22.75	3270
R	4221169	4221213	46	1107.0	345.2	1302.7	280.7	8.14	316
R	4221429	4221499	72	1295.1	284.8	1163.3	695.7	18.77	426
R	4221731	4221765	36	1171.9	692.2	1004.4	676.5	7.08	376
R	4222069	4222093	26	997.6	669.5	1043.8	670.6	1.95	127
R	4222275	4222335	62	1044.3	670.9	1578.0	808.3	21.63	597
R	4222681	4222789	110	1568.2	811.2	574.9	1263.8	40.06	621
R	4223091	4223175	86	598.9	1266.2	1478.2	1132.1	32.01	709
R	4223461	4223577	118	1451.3	1142.9	204.4	1194.6	41.47	677
R	4224023	4224067	46	203.1	1192.9	389.0	1210.0	6.06	259
R	4224321	4224341	22	370.8	1209.5	393.5	1170.2	1.71	118
R	4224673	4224701	30	395.2	1175.6	484.0	1165.9	3.13	210
R	4224933	4225033	102	479.8	1165.8	1193.7	388.4	42.21	840
R	4225191	4225231	42	1187.5	390.9	1306.7	277.3	6.72	288
R	4225471	4225511	42	1307.7	271.5	1058.5	276.8	9.74	675
R	4225851	4225933	84	1040.0	267.0	1551.1	858.6	31.78	685
R	4226149	4226175	28	1542.3	860.2	1611.6	806.4	3.40	204
R	4226351	4226545	196	1615.7	806.3	1081.1	1217.1	26.25	370
R	4226795	4226861	68	1082.0	1215.2	1693.3	966.7	24.56	695
R	4227181	4227247	68	1648.5	984.6	973.0	913.7	26.22	711
R	4227281	4227297	18	979.1	921.5	1002.9	928.1	1.07	86
R	4227419	4227703	286	975.2	926.0	1730.5	851.5	28.97	932
R	4228043	4228227	186	1714.9	867.5	727.0	533.1	40.36	596
R	4228785	4228887	104	731.2	503.5	1349.3	1158.5	38.00	648
R	4229081	4229231	152	1338.4	1163.7	743.4	319.4	42.94	586
R	4229515	4229573	60	727.5	317.8	1098.8	500.9	17.16	561
R	4229861	4229901	42	1078.1	502.1	1166.6	707.3	10.24	479
R	4230123	4230175	54	1173.5	712.0	1512.4	850.5	14.73	471
R	4230349	4230393	46	1510.7	855.8	1272.2	856.0	9.23	338
R	4230569	4230631	64	1278.8	855.8	722.1	861.1	22.36	628
R	4230861	4230921	62	724.8	861.5	965.4	439.6	21.23	750
R	4231213	4231257	46	959.3	431.4	1196.1	476.3	9.73	342
R	4231319	4231337	20	959.3	431.4	1196.1	476.3	9.68	0
R	4231407	4231553	148	1207.9	490.0	982.2	1156.1	29.83	1211
R	4231817	4231859	44	1027.9	1198.5	1307.4	1163.4	10.70	496
R	4232137	4232643	508	1304.1	1167.9	37.7	-55.0	57.80	1003
R	4233075	4233313	240	24.8	-16.5	1115.4	409.0	38.10	3270
R	4233607	4233651	46	1107.9	419.0	852.2	550.9	11.91	483
R	4234019	4234049	32	858.8	539.7	967.2	529.4	4.54	262
R	4234413	4234425	14	966.1	524.0	975.0	540.7	0.86	76
R	4234573	4235643	1072	979.2	548.7	1120.6	1026.3	22.49	252
R	4236153	4236219	68	1129.9	1035.8	930.2	562.6	22.95	649
R	4236629	4236645	18	919.8	567.0	896.0	577.6	1.11	87
R	4242059	4242067	10	967.7	549.5	964.7	557.3	0.38	47
R	4244377	4244391	16	947.0	558.1	971.3	560.7	1.02	87
R	4244473	4244485	14	967.1	548.8	946.2	548.0	0.88	80
R	4272161	4272277	118	946.4	564.5	.	.	5.8e+06	1520
R	4279451	4279465	16	934.8	544.2	955.6	542.1	0.88	73
R	4280955	4280963	10	945.9	549.7	935.2	548.8	0.45	56
R	4294189	4294197	10	937.7	561.0	948.1	560.9	0.44	55
R	4298811	4298819	10	939.3	527.8	936.7	538.0	0.49	61
R	4306483	4306493	12	938.0	529.8	925.8	531.2	0.52	53
R	4310455	4310477	24	937.3	553.8	900.3	558.6	1.57	111
R	4310581	4310603	24	912.2	551.6	953.7	546.6	1.76	124
R	4320883	4320891	10	924.5	551.6	914.1	548.8	0.46	58
R	4329369	4329377	10	917.1	529.9	907.5	531.4	0.41	52
R	4329845	4329859	16	922.6	529.8	944.4	527.2	0.92	77
R	4333025	4333037	14	935.2	537.7	916.1	542.8	0.83	73
R	4333857	4333865	10	911.7	562.0	901.7	564.6	0.44	54
R	4334809	4334819	12	921.3	545.1	927.7	535.3	0.53	53
R	4342063	4342083	22	923.9	535.8	955.6	535.5	1.33	101
R	4342201	4342217	18	935.8	528.0	914.6	543.5	1.14	83
R	4348159	4348167	10	936.5	550.2	937.2	560.4	0.48	58
R	4352811	4352829	20	938.2	558.0	921.1	548.7	0.84	66
R	4362783	4362797	16	920.6	562.9	920.7	547.2	0.73	63
R	4363847	4363857	12	920.1	553.4	934.7	556.0	0.62	62
R	4367069	4367077	10	919.2	565.4	919.9	574.3	0.41	50
R	4370283	4370291	10	921.2	546.8	910.7	550.1	0.46	57
R	4370533	4370541	10	917.4	553.8	926.0	548.8	0.43	56
R	4371953	4371967	16	927.6	542.8	906.8	539.7	0.87	75
R	4404895	4404911	18	937.4	530.1	934.0	551.3	0.99	78
R	4407151	4407161	12	942.4	537.9	927.4	538.7	0.63	70
R	4412617	4412627	12	919.8	541.9	906.2	538.3	0.59	62
R	4413865	4413873	10	914.8	535.9	906.3	532.0	0.40	49
R	4414555	4414563	10	915.8	545.3	908.1	546.8	0.33	46
R	4416099	4416111	14	907.5	544.0	924.9	548.9	0.76	68
R	4416941	4417077	138	931.7	544.5	756.3	1225.5	29.99	1546
R	4422203	4422231	30	911.8	538.5	959.6	469.0	3.75	221
R	4422303	4422331	30	954.0	471.7	1032.6	419.4	4.01	230
R	4422563	4422591	30	1039.0	413.1	1108.8	439.9	3.12	197
R	4422805	4422841	38	1116.2	454.8	1263.1	452.5	6.00	281
R	4422949	4423133	186	1271.9	463.3	933.6	295.0	15.40	2342
R	4423373	4423437	66	925.2	282.5	952.6	694.6	18.31	674
R	4423747	4423775	30	951.2	695.5	1029.3	686.9	3.33	198
R	4423937	4423977	42	1024.2	699.6	1170.7	674.7	6.31	283
R	4424163	4424211	50	1167.9	682.4	853.5	680.4	13.16	493
R	4424353	4424389	38	852.0	676.4	702.2	675.9	6.11	302
R	4424505	4424583	80	708.7	687.9	929.1	628.1	9.41	256
R	4424873	4425035	164	945.7	596.4	950.5	547.8	2.22	2300
R	4425561	4425643	84	943.1	539.4	1219.2	980.0	22.92	487
R	4425851	4425883	34	1212.0	978.7	1264.7	889.3	4.56	232
R	4426261	4426303	44	1252.3	897.7	1412.6	825.8	7.13	266
R	4426559	4426651	94	1404.7	832.1	413.9	834.4	36.63	759
R	4426859	4426899	42	425.5	834.6	612.9	861.6	7.05	342
R	4427147	4427187	42	600.7	861.2	821.5	861.9	8.85	432
R	4427409	4427531	124	811.9	870.8	1261.8	982.7	19.13	507
R	4428157	4428205	50	1213.1	992.1	1146.8	836.0	7.68	245
R	4428409	4428471	64	1129.2	843.4	689.7	854.6	18.13	520
R	4428717	4428939	224	709.6	864.1	873.3	681.5	10.86	1617
R	4436615	4436631	18	938.3	522.7	962.8	510.6	1.16	90
R	4437559	4437567	10	940.9	517.9	935.8	526.2	0.43	54
R	4441349	4441367	20	954.0	524.3	950.8	520.0	0.24	59
R	4446207	4446221	16	945.0	529.8	944.7	517.6	0.56	68
R	4453105	4453113	10	944.1	540.6	953.6	538.4	0.41	50
R	4453179	4453197	20	950.4	538.6	919.7	545.1	1.32	94
R	4453629	4453649	22	929.5	553.9	963.2	549.6	1.43	105
R	4460813	4460835	24	945.1	534.7	900.4	548.3	1.99	131
R	4460995	4461011	18	916.0	541.5	943.8	540.2	1.17	93
R	4468353	4468361	10	922.5	527.2	921.4	536.9	0.45	56
R	4468595	4468605	12	908.2	541.6	917.1	533.0	0.55	60
R	4468673	4468691	20	915.5	537.0	888.7	533.3	1.14	76
R	4468773	4468797	26	893.8	535.7	944.5	517.7	2.28	165
R	4468933	4468943	12	927.2	534.5	913.2	533.3	0.59	60
R	4476719	4476727	10	926.1	524.1	917.4	516.4	0.51	64
R	4481143	4481151	10	925.0	542.9	937.2	543.3	0.52	67
R	4482315	4482325	12	930.4	531.4	917.7	532.9	0.54	55
R	4487235	4487243	10	944.9	532.7	934.1	530.9	0.46	57
R	4493471	4493479	10	931.3	526.5	920.0	522.4	0.51	63
R	4493679	4493689	12	926.7	524.7	912.7	525.3	0.59	64
R	4504597	4504607	12	921.3	536.9	908.1	542.6	0.62	63
R	4508923	4508933	12	938.3	524.6	936.9	534.9	0.48	65
R	4509433	4509445	14	920.1	538.8	939.7	532.8	0.87	84
R	4509599	4509613	16	937.2	522.5	919.6	532.3	0.87	76
R	4514215	4514223	10	940.2	537.3	929.1	536.5	0.47	60
R	4514693	4514705	14	927.0	544.8	937.7	537.1	0.58	54
R	4519349	4519363	16	927.2	545.7	943.9	534.6	0.87	74
R	4524217	4524255	40	932.1	535.5	922.4	547.4	0.69	52
R	4535163	4535171	10	916.3	537.7	915.3	545.3	0.36	46
R	4536983	4536997	16	912.5	537.1	894.1	543.1	0.82	66
R	4537405	4537415	12	908.2	542.8	905.4	557.2	0.68	71
R	4539867	4539879	14	917.6	541.6	900.5	538.2	0.74	69
R	4540235	4540251	18	913.6	533.7	932.6	530.6	0.81	73
R	4540471	4540483	14	924.0	540.8	939.8	539.6	0.67	67
R	4541429	4541445	18	940.0	541.6	919.2	547.0	0.91	73
R	4546831	4546841	12	917.7	545.0	927.3	537.2	0.54	60
R	4546933	4546943	12	922.5	538.2	908.8	539.4	0.58	58
R	4548825	4548835	12	935.3	545.8	923.4	549.0	0.52	54
R	4552117	4552147	32	926.8	547.2	922.7	540.8	0.34	130
R	4552411	4552447	38	932.0	540.1	908.9	535.8	0.98	90
R	4552507	4552599	94	909.5	543.2	880.1	551.1	1.28	188
R	4552745	4552767	24	896.0	545.6	938.7	544.3	1.78	125
R	4553805	4553987	184	913.5	535.7	927.9	556.0	1.12	1693
R	4556255	4556263	10	930.6	537.6	939.9	529.7	0.53	66
R	4556375	4556397	24	933.7	536.3	904.4	521.7	1.40	94
R	4556527	4556541	16	916.3	533.3	936.8	535.5	0.86	71
R	4567069	4567085	18	931.7	515.4	909.7	515.9	0.92	74
R	4572411	4572421	12	921.3	525.0	906.7	523.8	0.61	65
R	4572641	4572659	20	914.1	527.6	939.3	527.8	1.05	81
R	4580271	4580279	10	928.9	524.1	915.8	522.8	0.55	67
R	4588439	4588455	18	939.0	526.4	915.4	523.9	0.99	74
R	4590655	4590669	16	927.0	514.3	918.0	526.3	0.66	79
R	4591807	4591829	24	916.7	521.6	919.4	531.7	0.48	75
R	4592539	4592547	10	919.2	525.7	918.6	516.2	0.44	54
R	4603533	4603543	12	929.7	524.2	927.5	532.2	0.38	63
R	4609523	4609531	10	935.6	528.2	936.3	535.9	0.35	45
R	4610237	4610263	28	937.1	528.1	932.5	523.2	0.29	131
R	4613543	4613559	18	942.0	521.9	927.3	505.0	0.98	88
R	4613789	4613815	28	942.0	521.9	927.3	505.0	0.98	0
R	4614609	4614625	18	932.7	517.1	941.9	503.4	0.73	63
R	4615229	4615237	10	940.2	513.6	928.3	512.3	0.50	63
R	4615693	4615717	26	933.4	521.5	929.9	516.8	0.26	119
R	4619499	4619517	20	941.6	507.2	947.2	514.3	0.40	60
R	4620463	4620481	20	933.4	515.2	933.5	500.6	0.66	74
R	4620775	4620805	32	939.2	509.6	994.7	449.3	3.55	201
R	4620997	4621063	68	982.3	459.6	1037.9	432.5	2.58	190
R	4621123	4621167	46	1016.3	447.3	1201.0	394.6	7.83	348
R	4621227	4621249	24	1016.3	447.3	1201.0	394.6	7.80	0
R	4621293	4621321	30	1204.6	441.0	1129.5	430.5	3.08	188
R	4621391	4621427	38	1204.6	441.0	1129.5	430.5	3.10	0
R	4621465	4621493	30	1204.6	441.0	1129.5	430.5	3.08	0
R	4621585	4622323	740	1136.8	465.9	1348.5	1169.3	31.19	1249
R	4622749	4622785	38	1350.6	1151.1	1177.6	1198.7	6.95	352
R	4622951	4623025	76	1177.4	1199.4	870.3	805.0	21.21	512
R	4623185	4623237	54	846.1	804.0	987.3	664.3	8.82	373
R	4623373	4623421	50	989.0	681.2	977.5	347.8	14.96	537
R	4623585	4623617	34	969.1	348.9	1043.8	271.8	4.40	230
R	4623703	4623723	22	1036.6	279.5	1045.8	298.5	0.87	91
R	4623843	4623925	84	1039.8	293.5	1170.2	803.5	23.03	604
R	4624145	4624185	42	1173.6	782.2	1010.7	854.5	7.57	318
R	4624341	4624387	48	1008.4	866.1	934.3	667.5	9.74	383
R	4624573	4624609	38	933.3	678.4	1096.2	669.5	6.83	354
R	4625097	4625147	52	1101.5	666.3	906.0	430.0	13.40	447
R	4625183	4625229	48	904.6	439.0	910.7	448.0	0.47	70
R	4625347	4625415	70	904.9	428.4	1147.6	474.1	10.03	457
R	4625479	4625509	32	1136.2	460.0	1150.7	465.7	0.64	117
R	4625681	4625705	26	1145.6	472.4	1135.9	508.4	1.66	85
R	4625747	4625787	42	1113.5	518.0	1079.6	585.7	3.39	164
R	4625819	4625833	16	1060.4	619.8	1056.3	650.3	1.43	114
R	4635149	4635159	12	940.1	543.2	954.4	538.7	0.63	66
R	4643563	4643571	10	940.1	536.6	937.0	528.4	0.40	49
R	4646169	4646181	14	935.9	521.8	919.9	525.3	0.69	73
R	4650097	4650105	10	947.4	521.0	938.9	518.9	0.37	48
R	4654997	4655005	10	931.5	540.4	922.0	545.0	0.45	60
R	4661703	4661719	18	941.6	549.4	927.4	547.1	0.60	51
R	4665513	4665525	14	939.1	542.4	952.6	534.2	0.68	60
R	4665941	4665957	18	952.7	545.5	929.0	546.7	1.00	75
R	4673643	4673665	24	936.2	533.1	959.2	519.0	1.16	86
R	4674467	4674483	18	929.4	522.7	950.9	526.1	0.91	73
R	4675773	4675781	10	959.9	521.0	958.4	529.0	0.37	48
R	4675879	4675917	40	952.8	518.6	933.4	525.7	0.87	81
R	4681677	4681685	10	965.6	530.8	955.9	530.3	0.40	50
R	4696489	4696499	12	930.6	526.4	918.3	531.4	0.56	57
R	4696897	4696907	12	926.0	537.5	934.7	532.6	0.42	42
R	4705479	4705487	10	937.8	515.2	924.6	514.6	0.54	68
R	4705993	4706001	10	923.8	515.9	933.1	512.1	0.42	54
R	4710331	4710347	18	942.0	509.2	931.6	521.9	0.72	77
R	4716789	4716797	10	930.5	519.7	939.2	515.5	0.41	52
R	4722271	4722279	10	944.5	508.7	944.2	518.7	0.45	60
R	4725127	4725135	10	937.0	512.4	924.5	508.5	0.54	63
R	4727049	4727057	10	934.3	510.6	924.2	506.0	0.46	58
R	4727955	4728017	64	934.2	540.8	937.2	556.6	0.73	97
R	4730545	4730553	10	939.5	528.4	930.6	525.6	0.38	49
R	4731793	4731807	16	933.4	501.0	930.6	517.5	0.74	109
R	4732013	4732029	18	936.5	504.3	913.9	514.1	1.01	77
R	4732121	4732145	26	921.4	511.4	967.6	507.4	1.88	153
R	4732823	4732855	34	931.6	504.8	931.9	508.9	0.18	76
R	4733207	4733389	184	935.5	522.3	942.3	563.3	1.86	1594
R	4738265	4738287	24	942.7	525.9	948.7	522.0	0.30	69
R	4739475	4739485	12	931.7	508.3	941.4	498.0	0.61	61
R	4739525	4739537	14	935.1	503.5	930.2	507.2	0.26	65
R	4739741	4739763	24	928.9	513.3	936.0	499.2	0.70	88
R	4740017	4740041	26	924.5	510.7	940.2	521.7	0.81	164
R	4740229	4740249	22	933.1	510.8	940.1	493.4	0.83	76
R	4740517	4740525	10	935.5	510.4	928.6	510.1	0.28	58
R	4741897	4741915	20	947.9	523.8	926.4	522.3	0.89	66
R	4743037	4743047	12	931.4	525.4	935.2	514.7	0.51	65
R	4743603	4743617	16	939.3	504.5	938.3	522.5	0.82	75
R	4743723	4743733	12	930.4	516.3	931.2	509.2	0.32	61
R	4744067	4744085	20	933.9	507.3	935.0	514.8	0.34	66
R	4751667	4751675	10	933.2	523.0	925.0	520.8	0.35	47
R	4756317	4756325	10	927.8	515.9	916.6	512.9	0.48	58
R	4761601	4761613	14	932.4	526.7	931.9	511.8	0.68	61
R	4774757	4774765	10	921.4	532.2	910.5	538.7	0.54	67
R	4775051	4775059	10	911.9	528.4	913.5	521.2	0.34	42
R	4777985	4777999	16	933.1	523.4	950.0	519.3	0.74	67
R	4778071	4778095	26	939.3	526.4	905.0	523.7	1.44	111
R	4782795	4782803	10	932.9	527.8	923.4	525.2	0.42	54
R	4784159	4784167	10	928.9	538.7	937.0	532.7	0.44	59
R	4784229	4784239	12	932.9	532.8	920.8	531.4	0.51	53
R	4784303	4784323	22	923.6	530.8	957.9	525.7	1.46	106
R	4784457	4784473	18	944.9	526.2	923.1	523.7	0.92	72
R	4785759	4785769	12	931.4	537.0	931.9	524.7	0.57	58
R	4791525	4791535	12	926.6	533.4	939.4	533.4	0.54	54
R	4792503	4792521	20	910.1	525.8	936.4	521.8	1.12	89
R	4792577	4792599	24	928.2	531.4	886.8	529.6	1.73	122
R	4792885	4792901	18	901.8	531.8	925.8	532.5	1.00	76
R	4809487	4809495	10	930.0	533.4	918.6	535.0	0.48	62
R	4810061	4810073	14	917.5	546.6	933.4	542.0	0.70	60
R	4810837	4810855	20	921.5	529.8	910.1	564.8	1.68	98
R	4814615	4814627	14	934.0	536.9	918.6	540.1	0.66	58
R	4815773	4815781	10	933.6	539.4	939.7	532.0	0.43	54
R	4816309	4816331	24	938.8	527.3	906.2	492.8	2.08	119
R	4816443	4816471	30	912.5	481.7	989.5	441.8	3.66	197
R	4816677	4816703	28	980.5	444.6	1044.5	405.5	3.15	198
R	4816867	4816891	26	1050.3	424.6	1101.0	434.7	2.13	132
R	4817039	4817089	52	1107.1	442.5	958.7	227.0	10.95	381
R	4817225	4817955	732	950.0	254.8	1073.5	1231.3	40.23	2378
R	4818265	4818307	44	1056.1	1226.9	1331.0	1151.9	11.16	503
R	4818527	4818787	262	1311.6	1160.6	765.8	451.2	37.74	1214
R	4819057	4819101	46	752.3	418.5	1001.1	550.9	12.14	553
R	4819545	4819581	38	999.5	561.7	1065.4	655.2	5.29	275
R	4819799	4819841	44	1073.0	647.9	1164.6	468.7	9.18	370
R	4820321	4820379	60	1171.3	477.8	850.9	689.6	16.46	469
R	4820727	4820771	46	839.8	688.2	1102.4	670.3	11.00	483
R	4821095	4821161	68	1097.1	674.1	578.7	867.1	22.48	594
R	4821401	4821471	72	577.8	864.5	1237.1	853.3	25.76	722
R	4821557	4821571	16	1232.1	867.0	1234.9	860.9	0.30	64
R	4822023	4822067	46	1219.1	866.6	1170.1	693.0	8.15	296
R	4822283	4822321	40	1162.4	686.1	1022.8	670.2	5.82	267
R	4822655	4822745	92	1021.5	673.7	1298.4	1083.6	21.21	463
R	4823031	4823061	32	1285.6	1082.1	1256.4	1170.6	3.83	184
R	4823907	4823985	80	1264.9	1172.0	1058.2	810.1	17.63	373
R	4824367	4824507	142	1043.1	830.6	509.6	836.4	20.84	1024
R	4824829	4824907	80	514.4	827.3	1256.4	1037.6	29.53	639
R	4825631	4825705	76	1255.5	1038.1	1134.6	765.2	12.91	464
R	4825913	4825941	30	1115.2	740.0	1092.2	648.2	4.29	290
R	4826375	4826441	68	1099.7	668.9	779.8	640.7	13.01	294
R	4826571	4826615	46	790.1	629.0	1029.3	601.3	9.75	405
R	4829415	4829425	12	959.8	547.6	970.3	542.3	0.49	51
R	4830703	4830711	10	966.4	543.4	955.9	547.6	0.47	59
R	4835909	4835921	14	938.6	554.7	924.5	557.5	0.59	55
R	4836059	4836079	22	927.9	554.0	958.7	549.6	1.28	95
R	4836451	4836459	10	951.7	549.3	941.3	550.3	0.43	53
R	4836513	4836587	76	942.4	550.4	.	.	5.8e+06	1347
R	4838547	4838555	10	954.2	534.2	941.6	532.1	0.53	64
R	4839765	4839813	50	921.5	538.5	954.0	525.1	1.46	104
R	4839889	4839955	68	921.5	538.5	954.0	525.1	1.46	0
R	4840411	4840499	90	921.5	538.5	954.0	525.1	1.46	0
R	4840573	4840701	130	934.2	540.9	932.4	549.2	0.38	49
R	4840797	4840819	24	934.2	540.9	932.4	549.2	0.38	0
R	4841267	4841325	60	934.2	540.9	932.4	549.2	0.38	0
R	4841387	4841409	24	934.2	540.9	932.4	549.2	0.39	0
R	4855861	4855873	14	936.1	537.7	942.4	550.9	0.66	56
R	4858109	4858129	22	938.7	536.4	929.0	528.8	0.53	102
R	4861777	4861791	16	943.2	536.7	944.3	536.6	0.05	59
R	4863773	4863791	20	942.8	534.3	951.6	508.8	1.21	170
R	4864407	4864427	22	949.5	531.6	943.7	533.0	0.25	72
R	4865893	4865911	20	935.6	540.2	937.3	521.4	0.86	82
R	4866447	4866465	20	940.4	537.9	941.1	541.8	0.18	64
R	4868295	4868307	14	945.8	534.6	960.2	525.3	0.73	67
R	4869217	4869235	20	945.8	534.6	960.2	525.3	0.73	0
R	4870843	4870853	12	936.5	513.5	936.7	526.3	0.58	58
R	4886081	4886089	10	933.0	538.8	930.3	529.6	0.43	67
R	4886785	4886795	12	945.3	546.1	949.7	532.6	0.64	70
R	4891453	4891479	28	940.8	544.5	945.6	538.3	0.35	72
R	4892151	4892159	10	945.4	543.7	935.2	544.9	0.43	52
R	4896167	4896177	12	933.0	534.8	932.2	544.9	0.46	67
R	4899285	4899301	18	942.7	532.7	918.9	540.4	1.05	79
R	4899391	4899409	20	941.1	530.9	958.6	521.9	0.83	70
R	4900081	4900105	26	937.0	535.2	936.8	539.4	0.19	74
R	4901423	4901439	18	937.8	531.8	937.9	545.2	0.62	75
R	4907205	4907213	10	951.8	535.1	941.4	534.8	0.43	54
R	4909061	4909255	196	946.1	537.1	946.5	563.8	1.22	1421
R	4909907	4909915	10	940.1	545.8	930.9	548.8	0.41	51
R	4923283	4923291	10	944.9	537.6	935.4	534.9	0.41	51
R	4926833	4926845	14	938.9	531.9	921.3	534.0	0.74	67
R	4926929	4926953	26	931.5	535.3	978.5	532.4	1.95	130
R	4927075	4927093	20	963.3	531.0	925.6	526.7	1.57	114
R	4934351	4934361	12	939.0	523.9	942.5	524.1	0.14	60
R	4936007	4936025	20	931.5	527.3	957.3	515.4	1.19	96
R	4936119	4936135	18	946.2	517.6	920.6	524.7	1.10	81
R	4936237	4936249	14	930.2	525.1	946.7	525.6	0.68	61
R	4937325	4937333	10	925.7	545.0	918.1	540.6	0.37	50
R	4944357	4944389	34	925.7	545.0	918.1	540.6	0.37	0
R	4944455	4944479	26	934.7	521.9	924.7	538.6	0.86	108
R	4945081	4945273	194	921.5	538.5	930.1	627.2	4.08	1521
R	4946593	4946603	12	935.7	523.3	919.9	524.8	0.65	66
R	4948777	4948801	26	940.1	525.2	935.4	525.5	0.19	98
R	4948865	4948889	26	940.1	525.2	935.4	525.5	0.19	0
R	4949223	4949241	20	930.5	532.9	933.9	528.6	0.24	60
R	4949779	4949797	20	927.6	535.4	927.1	560.2	1.13	141
R	4952013	4952031	20	946.4	536.1	918.5	540.3	1.16	80
R	4952095	4952119	26	929.0	534.1	975.1	533.4	1.90	146
R	4952179	4952227	50	950.7	539.2	919.2	539.0	1.30	97
R	4952705	4952721	18	928.3	547.1	936.5	536.0	0.61	67
R	4952963	4952979	18	929.8	546.3	936.5	561.0	0.72	108
R	4953379	4953395	18	930.9	542.5	941.4	533.1	0.61	81
R	4953597	4953619	24	930.9	542.5	941.4	533.1	0.61	0
R	4953759	4953803	46	930.9	542.5	941.4	533.1	0.61	0
R	4953887	4953909	24	930.9	542.5	941.4	533.1	0.61	0
R	4954643	4954667	26	930.9	542.5	941.4	533.1	0.61	0
R	4954735	4954769	36	934.6	535.5	937.8	520.5	0.69	105
R	4954953	4954979	28	931.9	529.1	932.4	523.6	0.25	43
R	4955161	4955175	16	936.1	536.6	941.7	543.3	0.38	65
R	4957141	4957163	24	918.7	522.9	920.9	515.5	0.35	75
R	4958091	4958103	14	927.4	531.6	930.4	518.0	0.63	78
R	4958235	4958251	18	940.0	529.1	944.9	535.1	0.34	71
R	4958369	4958387	20	940.0	529.1	944.9	535.1	0.34	0
R	4958617	4958639	24	940.0	529.1	944.9	535.1	0.34	0
R	4959575	4959595	22	940.0	529.1	944.9	535.1	0.34	0
R	4959773	4959807	36	940.0	529.1	944.9	535.1	0.34	0
R	4964739	4964747	10	942.3	527.7	937.2	533.4	0.33	45
R	4964965	4964977	14	924.9	531.0	931.8	513.9	0.82	79
R	4965129	4965145	18	936.1	524.9	938.5	510.1	0.67	80
R	4965185	4965263	80	942.9	513.3	942.9	513.3	0.00	0
R	4965547	4965591	46	946.3	526.0	938.0	512.2	0.71	71
R	4965659	4965687	30	946.3	526.0	938.0	512.2	0.71	0
R	4965853	4965881	30	946.3	526.0	938.0	512.2	0.71	0
R	4966097	4966115	20	949.6	501.1	938.4	517.4	0.86	124
R	4966261	4966275	16	948.3	515.5	933.8	518.8	0.61	74
R	4966371	4966397	28	948.3	515.5	933.8	518.8	0.61	0
R	4966455	4966493	40	941.6	506.6	939.2	524.8	0.82	82
R	5141117	5141125	10	952.2	504.6	945.1	503.8	0.30	41
R	5141381	5141389	10	958.4	501.3	948.7	500.0	0.42	50
R	5155451	5155463	14	947.8	502.2	934.3	502.1	0.58	56
R	5164877	5165219	344	940.7	506.4	940.5	495.3	0.52	47
R	5165729	5166383	656	940.7	506.4	940.5	495.3	0.52	0
R	5166893	5167339	448	940.7	506.4	940.5	495.3	0.52	0
R	5203115	5203123	10	937.3	501.7	934.6	508.6	0.35	43
R	5205177	5205195	20	937.4	512.2	946.6	480.7	1.54	108
R	5205419	5205445	28	951.2	467.4	1002.8	427.4	2.87	137
R	5205557	5205583	28	1019.1	430.2	1088.6	427.4	2.95	165
R	5205665	5205703	40	1091.4	426.2	1138.3	286.3	6.50	278
R	5206031	5206083	54	1142.6	274.7	803.4	261.5	13.63	408
R	5206227	5206291	66	811.7	278.7	1090.2	459.0	14.01	365
R	5206517	5206655	140	1059.3	441.6	951.6	483.4	4.93	2133
R	5206783	5206823	42	954.0	477.2	1193.5	454.3	9.89	457
R	5206899	5207179	282	1193.3	457.9	1105.4	662.6	9.96	1696
R	5207407	5207635	230	1091.6	658.1	1319.0	1218.9	25.45	1490
R	5208285	5208599	316	1306.9	1207.1	660.5	1205.5	24.91	182
R	5208717	5208779	64	619.5	1223.2	1264.4	1223.8	25.00	805
R	5209007	5209149	144	1241.9	1236.5	826.5	506.2	36.64	1651
R	5209431	5209513	84	829.6	500.0	1239.8	1157.7	34.11	817
R	5209807	5209845	40	1228.0	1148.1	1094.5	1107.5	5.80	225
R	5210129	5210173	46	1085.3	1104.1	1345.4	1194.6	11.09	448
R	5210351	5210419	70	1347.6	1193.4	1419.5	708.1	21.33	544
R	5210661	5210727	68	1401.9	710.3	1067.4	368.2	20.32	485
R	5210883	5210915	34	1065.1	361.2	1017.2	282.0	3.89	195
R	5210965	5211011	48	1009.2	282.2	1294.4	274.4	11.23	448
R	5211213	5211375	164	1286.4	283.1	1477.6	815.8	24.43	1964
R	5211619	5211683	66	1465.2	773.9	878.5	755.0	24.57	702
R	5211813	5212463	652	874.1	734.1	933.1	1066.5	16.08	1733